#! FIELDS time mat-1.sum mat-2.sum mat-3.sum metad.bias
 0.000000 0.000057 0.000045 0.366023 161.095209
 1.000000 0.000004 0.000313 0.023840 164.658097
 2.000000 0.000009 0.000378 0.679637 119.913443
 3.000000 0.000001 0.001317 0.033832 165.350146
 4.000000 0.000003 0.000003 0.004609 163.191677
 5.000000 0.000002 0.000000 0.000002 162.814501
 6.000000 0.000003 0.000018 0.000760 162.877370
 7.000000 0.000007 0.000029 0.002366 163.009706
 8.000000 0.000022 0.000097 0.000021 162.818049
 9.000000 0.000020 0.000285 0.669548 121.527414
 10.000000 0.000000 0.000757 0.700903 116.483809
 11.000000 0.000000 0.000171 0.676740 120.377330
 12.000000 0.000024 0.000126 0.680446 119.784169
 13.000000 0.002147 0.002826 0.673919 120.910578
 14.000000 0.000026 0.000367 0.748037 108.784649
 15.000000 0.000772 0.000077 0.652020 124.337883
 16.000000 0.000340 0.003958 0.709366 115.119314
 17.000000 0.000205 0.000613 0.648709 124.836006
 18.000000 0.000159 0.001010 0.549226 139.753785
 19.000000 0.000065 0.000014 0.041248 165.839866
 20.000000 0.001467 0.000053 0.653753 124.092740
 21.000000 0.000030 0.000085 0.012173 163.791744
 22.000000 0.000001 0.000687 0.000012 162.815225
 23.000000 0.000005 0.000080 0.000799 162.880824
 24.000000 0.000002 0.000122 0.612190 130.485539
 25.000000 0.000000 0.002860 0.623791 128.706300
 26.000000 0.000001 0.000025 0.576152 135.873383
 27.000000 0.000000 0.000067 0.665537 122.165505
 28.000000 0.000000 0.002519 0.617704 129.641971
 29.000000 0.000000 0.000023 0.000000 162.814270
 30.000000 0.000000 0.000003 0.000000 162.814270
 31.000000 0.000000 0.000000 0.000002 162.814391
 32.000000 0.000001 0.000000 0.000000 162.814300
 33.000000 0.000006 0.000009 0.000000 162.814796
 34.000000 0.000009 0.000449 0.000000 162.815098
 35.000000 0.000001 0.000003 0.000000 162.814279
 36.000000 0.000001 0.000016 0.000092 162.821919
 37.000000 0.000002 0.000008 0.000000 162.814420
 38.000000 0.000001 0.000004 0.000005 162.814689
 39.000000 0.000001 0.000010 0.000042 162.817811
 40.000000 0.000000 0.000011 0.000123 162.824454
 41.000000 0.000001 0.000007 0.000000 162.814286
 42.000000 0.000001 0.000007 0.000000 162.814310
 43.000000 0.000007 0.000024 0.000040 162.818279
 44.000000 0.000002 0.000016 0.000000 162.814444
 45.000000 0.000000 0.000016 0.000000 162.814247
 46.000000 0.000006 0.000007 0.000000 162.814791
 47.000000 0.000002 0.000022 0.000000 162.814439
 48.000000 0.000002 0.000006 0.000000 162.814468
 49.000000 0.000001 0.000014 0.000000 162.814347
 50.000000 0.000009 0.000008 0.000000 162.815173
 51.000000 0.000003 0.000013 0.000000 162.814468
 52.000000 0.000003 0.000009 0.000005 162.814910
 53.000000 0.000009 0.000006 0.000000 162.815132
 54.000000 0.000005 0.000010 0.000000 162.814695
 55.000000 0.000006 0.000011 0.000000 162.814860
 56.000000 0.000001 0.000016 0.000000 162.814323
 57.000000 0.000004 0.000006 0.000000 162.814583
 58.000000 0.000004 0.000014 0.000000 162.814667
 59.000000 0.000003 0.000016 0.000000 162.814513
 60.000000 0.000000 0.000005 0.000000 162.814267
 61.000000 0.000002 0.000014 0.000001 162.814513
 62.000000 0.000002 0.000034 0.000000 162.814433
 63.000000 0.000002 0.000011 0.000000 162.814424
 64.000000 0.000001 0.000005 0.000000 162.814320
 65.000000 0.000006 0.000025 0.000000 162.814801
 66.000000 0.000002 0.000027 0.000000 162.814438
 67.000000 0.000002 0.000019 0.000001 162.814461
 68.000000 0.000001 0.000003 0.000003 162.814544
 69.000000 0.000002 0.000015 0.000000 162.814465
 70.000000 0.000037 0.000007 0.000000 162.817787
 71.000000 0.000028 0.000011 0.000000 162.816993
 72.000000 0.000001 0.000008 0.000000 162.814306
 73.000000 0.000001 0.000011 0.000000 162.814380
 74.000000 0.000027 0.000049 0.000000 162.816846
 75.000000 0.000001 0.000010 0.000000 162.814340
 76.000000 0.000000 0.000005 0.000000 162.814274
 77.000000 0.000002 0.000000 0.000002 162.814627
 78.000000 0.000000 0.000001 0.000000 162.814267
 79.000000 0.000001 0.000000 0.000004 162.814704
 80.000000 0.000000 0.000000 0.000001 162.814311
 81.000000 0.000018 0.000000 0.000001 162.816115
 82.000000 0.000007 0.000000 0.000001 162.814972
 83.000000 0.000022 0.000000 0.000001 162.816365
 84.000000 0.000001 0.000000 0.000001 162.814340
 85.000000 0.000000 0.000000 0.000002 162.814369
 86.000000 0.000000 0.000000 0.000004 162.814538
 87.000000 0.000001 0.000000 0.000001 162.814373
 88.000000 0.000000 0.000000 0.000002 162.814366
 89.000000 0.000000 0.000000 0.000003 162.814475
 90.000000 0.000000 0.000000 0.000002 162.814374
 91.000000 0.000000 0.000000 0.000004 162.814575
 92.000000 0.000000 0.000000 0.000000 162.814263
 93.000000 0.000000 0.000000 0.000001 162.814286
 94.000000 0.000000 0.000000 0.000001 162.814296
 95.000000 0.000000 0.000000 0.000000 162.814278
 96.000000 0.000005 0.000000 0.000085 162.821703
 97.000000 0.000000 0.000000 0.000001 162.814378
 98.000000 0.000000 0.000000 0.000035 162.817124
 99.000000 0.000000 0.000000 0.000001 162.814351
 100.000000 0.000000 0.000000 0.000001 162.814341
 101.000000 0.000005 0.000000 0.000000 162.814771
 102.000000 0.000007 0.000000 0.000002 162.814977
 103.000000 0.000002 0.000000 0.000012 162.815392
 104.000000 0.000000 0.000002 0.000002 162.814417
 105.000000 0.000000 0.000000 0.000008 162.814917
 106.000000 0.000010 0.000000 0.000001 162.815264
 107.000000 0.000004 0.000000 0.000004 162.814932
 108.000000 0.000000 0.000000 0.000001 162.814317
 109.000000 0.000001 0.000000 0.000005 162.814708
 110.000000 0.000000 0.000000 0.000001 162.814325
 111.000000 0.000019 0.000000 0.000001 162.816184
 112.000000 0.000017 0.000000 0.000006 162.816370
 113.000000 0.000000 0.000000 0.000001 162.814330
 114.000000 0.000011 0.000000 0.000003 162.815574
 115.000000 0.000000 0.000000 0.000003 162.814494
 116.000000 0.000000 0.000000 0.000001 162.814299
 117.000000 0.000000 0.000000 0.000002 162.814413
 118.000000 0.000000 0.000000 0.000009 162.814988
 119.000000 0.000001 0.000000 0.000002 162.814466
 120.000000 0.000012 0.000000 0.000016 162.816720
 121.000000 0.706542 0.000000 0.000003 137.287166
 122.000000 0.668994 0.000000 0.000017 142.415452
 123.000000 0.726148 0.000000 0.000093 134.513537
 124.000000 0.692338 0.000000 0.000015 139.257636
 125.000000 0.686466 0.000000 0.000001 140.061027
 126.000000 0.666182 0.000000 0.000002 142.788310
 127.000000 0.675744 0.000000 0.000001 141.512473
 128.000000 0.721367 0.000000 0.000011 135.194057
 129.000000 0.634691 0.000000 0.000027 146.861047
 130.000000 0.654877 0.000000 0.000004 144.273480
 131.000000 0.704267 0.000000 0.000009 137.605234
 132.000000 0.678164 0.000010 0.000001 141.186741
 133.000000 0.632828 0.000014 0.000005 147.094665
 134.000000 0.610520 0.000007 0.000000 149.841726
 135.000000 0.659446 0.000014 0.000001 143.676207
 136.000000 0.696298 0.000016 0.000007 138.711735
 137.000000 0.712479 0.000025 0.000003 136.453261
 138.000000 0.610575 0.000110 0.000009 149.835418
 139.000000 0.647722 0.000008 0.000002 145.200051
 140.000000 0.670319 0.000023 0.000000 142.238366
 141.000000 0.717253 0.000009 0.000002 135.778310
 142.000000 0.730887 0.000010 0.000000 133.830397
 143.000000 0.673296 0.000015 0.000000 141.840647
 144.000000 0.677180 0.000007 0.000000 141.319223
 145.000000 0.685177 0.000011 0.000000 140.236675
 146.000000 0.645838 0.000009 0.000000 145.442202
 147.000000 0.686533 0.000006 0.000001 140.051870
 148.000000 0.665895 0.000005 0.000000 142.826282
 149.000000 0.659521 0.000007 0.000000 143.666409
 150.000000 0.649473 0.000020 0.000000 144.974211
 151.000000 0.744792 0.000023 0.000000 131.813842
 152.000000 0.737358 0.000008 0.000000 132.895610
 153.000000 0.621154 0.000011 0.000000 148.545918
 154.000000 0.672472 0.000010 0.000000 141.950934
 155.000000 0.715402 0.000004 0.000000 136.040405
 156.000000 0.643920 0.000004 0.000000 145.688074
 157.000000 0.696587 0.000019 0.000000 138.671582
 158.000000 0.702816 0.000009 0.000001 137.807282
 159.000000 0.662069 0.000006 0.000000 143.331536
 160.000000 0.734424 0.000015 0.000000 133.320301
 161.000000 0.709414 0.000011 0.000000 136.884447
 162.000000 0.664525 0.000011 0.000000 143.007575
 163.000000 0.600254 0.000010 0.000000 151.068012
 164.000000 0.683992 0.000005 0.000000 140.397849
 165.000000 0.682062 0.000010 0.000001 140.659832
 166.000000 0.703336 0.000010 0.000000 137.734815
 167.000000 0.697558 0.000025 0.000000 138.537258
 168.000000 0.650035 0.000015 0.000000 144.901647
 169.000000 0.659468 0.000006 0.000000 143.673379
 170.000000 0.676952 0.000027 0.000000 141.349990
 171.000000 0.698700 0.000019 0.000000 138.379183
 172.000000 0.677008 0.000033 0.000000 141.342448
 173.000000 0.731195 0.000009 0.000000 133.786055
 174.000000 0.737188 0.000008 0.000000 132.920329
 175.000000 0.694686 0.000023 0.000000 138.933891
 176.000000 0.732027 0.000010 0.000000 133.666223
 177.000000 0.704642 0.000007 0.000000 137.552612
 178.000000 0.650846 0.000007 0.000000 144.796723
 179.000000 0.702477 0.000011 0.000000 137.854467
 180.000000 0.730437 0.000000 0.000005 133.895277
 181.000000 0.674325 0.000001 0.000004 141.703000
 182.000000 0.621513 0.000000 0.000002 148.501824
 183.000000 0.518712 0.000000 0.000001 159.880482
 184.000000 0.665075 0.000001 0.000000 142.934804
 185.000000 0.693858 0.000000 0.000000 139.047987
 186.000000 0.676114 0.000031 0.000000 141.462623
 187.000000 0.674637 0.000000 0.000000 141.660954
 188.000000 0.675346 0.000000 0.000000 141.565913
 189.000000 0.664302 0.000000 0.000002 143.037017
 190.000000 0.743451 0.000120 0.000000 132.009585
 191.000000 0.658062 0.000006 0.000000 143.857614
 192.000000 0.660673 0.000016 0.000000 143.515137
 193.000000 0.681589 0.000000 0.000004 140.723919
 194.000000 0.592244 0.000001 0.000001 152.007742
 195.000000 0.728259 0.000080 0.000000 134.208256
 196.000000 0.646491 0.000000 0.000000 145.358370
 197.000000 0.650381 0.000000 0.000000 144.856894
 198.000000 0.689238 0.000000 0.000000 139.682266
 199.000000 0.689096 0.000000 0.000156 139.706750
 200.000000 0.679202 0.000000 0.000001 141.046707
 201.000000 0.685680 0.000000 0.000002 140.168219
 202.000000 0.717759 0.000000 0.000001 135.706521
 203.000000 0.687504 0.000000 0.000002 139.919460
 204.000000 0.624511 0.000000 0.000003 148.131774
 205.000000 0.688365 0.000000 0.000001 139.801748
 206.000000 0.656133 0.000000 0.000002 144.109651
 207.000000 0.676190 0.000000 0.000002 141.452481
 208.000000 0.671914 0.000000 0.000005 142.025690
 209.000000 0.721067 0.000000 0.000025 135.237207
 210.000000 0.703899 0.000000 0.000001 137.656268
 211.000000 0.712630 0.000000 0.000001 136.431880
 212.000000 0.662525 0.000000 0.000001 143.271487
 213.000000 0.601476 0.000000 0.000002 150.923382
 214.000000 0.706934 0.000000 0.000002 137.232209
 215.000000 0.662094 0.000000 0.000001 143.328254
 216.000000 0.743124 0.000000 0.000003 132.057332
 217.000000 0.671990 0.000000 0.000073 142.017829
 218.000000 0.698508 0.000000 0.000001 138.405758
 219.000000 0.709799 0.000000 0.000017 136.830754
 220.000000 0.675405 0.000000 0.000001 141.557996
 221.000000 0.713474 0.000000 0.000001 136.312759
 222.000000 0.701971 0.000000 0.000001 137.924968
 223.000000 0.693519 0.000000 0.000002 139.094819
 224.000000 0.743491 0.000000 0.000002 132.003724
 225.000000 0.676269 0.000000 0.000008 141.442125
 226.000000 0.719290 0.000000 0.000000 135.489211
 227.000000 0.707372 0.000003 0.000001 137.170858
 228.000000 0.662634 0.000003 0.000000 143.257055
 229.000000 0.662091 0.000000 0.000000 143.328633
 230.000000 0.673956 0.000000 0.000000 141.752286
 231.000000 0.671275 0.000000 0.000000 142.110888
 232.000000 0.691496 0.000022 0.000000 139.372760
 233.000000 0.751088 0.000000 0.000000 130.891122
 234.000000 0.670326 0.000001 0.000000 142.237472
 235.000000 0.621764 0.000001 0.000000 148.470839
 236.000000 0.629996 0.000072 0.000000 147.449281
 237.000000 0.651727 0.000025 0.000000 144.682689
 238.000000 0.694025 0.000053 0.000000 139.025084
 239.000000 0.723085 0.000004 0.000000 134.948754
 240.000000 0.673132 0.000001 0.000000 141.862601
 241.000000 0.704771 0.000000 0.000000 137.534586
 242.000000 0.668117 0.000000 0.000000 142.531491
 243.000000 0.693797 0.000000 0.000000 139.056427
 244.000000 0.693101 0.000000 0.000000 139.152186
 245.000000 0.705779 0.000000 0.000000 137.393762
 246.000000 0.619592 0.000001 0.000000 148.737870
 247.000000 0.649805 0.000000 0.000000 144.931279
 248.000000 0.629536 0.000000 0.000000 147.506828
 249.000000 0.699418 0.000000 0.000001 138.279658
 250.000000 0.560092 0.000000 0.000001 155.622155
 251.000000 0.703656 0.000107 0.000000 137.690220
 252.000000 0.618884 0.000019 0.000000 148.824713
 253.000000 0.656207 0.000022 0.000000 144.100051
 254.000000 0.777004 0.000000 0.000000 127.034633
 255.000000 0.725582 0.000014 0.000000 134.591883
 256.000000 0.646579 0.000068 0.000001 145.347023
 257.000000 0.647231 0.000005 0.000016 145.263710
 258.000000 0.678563 0.000001 0.000021 141.133619
 259.000000 0.697845 0.000000 0.000002 138.497585
 260.000000 0.739687 0.000000 0.000000 132.557622
 261.000000 0.653356 0.000000 0.000001 144.471288
 262.000000 0.696833 0.000000 0.000002 138.637647
 263.000000 0.642741 0.000003 0.000024 145.839685
 264.000000 0.677645 0.000000 0.000003 141.256779
 265.000000 0.771243 0.000000 0.000004 127.899815
 266.000000 0.718191 0.000000 0.000000 135.645308
 267.000000 0.679620 0.000000 0.000016 140.990800
 268.000000 0.665634 0.000000 0.000001 142.860812
 269.000000 0.627354 0.000000 0.000004 147.778908
 270.000000 0.685663 0.000000 0.000001 140.170463
 271.000000 0.619830 0.000000 0.000047 148.710469
 272.000000 0.669214 0.000000 0.000001 142.385672
 273.000000 0.659688 0.000000 0.000001 143.644560
 274.000000 0.713500 0.000000 0.000009 136.309359
 275.000000 0.650825 0.000000 0.000066 144.801786
 276.000000 0.642976 0.000000 0.000005 145.808942
 277.000000 0.715631 0.000000 0.000006 136.008189
 278.000000 0.642675 0.000000 0.000010 145.847614
 279.000000 0.652545 0.000000 0.000001 144.576566
 280.000000 0.700621 0.000000 0.000015 138.112982
 281.000000 0.678187 0.000000 0.000381 141.196135
 282.000000 0.647730 0.000000 0.000028 145.199894
 283.000000 0.705430 0.000000 0.000005 137.442650
 284.000000 0.641953 0.000000 0.000015 145.939969
 285.000000 0.668127 0.000000 0.000011 142.530480
 286.000000 0.699788 0.000000 0.000002 138.228300
 287.000000 0.687482 0.000000 0.000001 139.922374
 288.000000 0.640314 0.000000 0.000004 146.148305
 289.000000 0.661604 0.000001 0.000001 143.392711
 290.000000 0.660975 0.000000 0.000003 143.475525
 291.000000 0.650444 0.000000 0.000002 144.848784
 292.000000 0.647991 0.000000 0.000001 145.165382
 293.000000 0.723023 0.000000 0.000006 134.957835
 294.000000 0.608114 0.000000 0.000001 150.131355
 295.000000 0.677275 0.000000 0.000022 141.307161
 296.000000 0.662837 0.000000 0.000113 143.234248
 297.000000 0.707350 0.000000 0.000006 137.174069
 298.000000 0.695077 0.000000 0.000001 138.880087
 299.000000 0.700661 0.000000 0.000000 138.107040
 300.000000 0.674370 0.000000 0.000002 141.696860
 301.000000 0.639446 0.000000 0.000002 146.258508
 302.000000 0.699847 0.000000 0.000000 138.220138
 303.000000 0.655151 0.000000 0.000001 144.237669
 304.000000 0.695311 0.000000 0.000013 138.848078
 305.000000 0.687378 0.000000 0.000003 139.936652
 306.000000 0.709638 0.000001 0.000000 136.852880
 307.000000 0.668372 0.000000 0.000005 142.497707
 308.000000 0.682384 0.000000 0.000000 140.616164
 309.000000 0.631845 0.000000 0.000000 147.217798
 310.000000 0.598986 0.000000 0.000001 151.217845
 311.000000 0.670087 0.000001 0.000003 142.269484
 312.000000 0.628033 0.000000 0.000000 147.694242
 313.000000 0.662235 0.000000 0.000003 143.309834
 314.000000 0.701940 0.000000 0.000001 137.929187
 315.000000 0.693629 0.000000 0.000001 139.079595
 316.000000 0.673298 0.000000 0.000001 141.840448
 317.000000 0.690341 0.000000 0.000001 139.531329
 318.000000 0.644435 0.000000 0.000001 145.622071
 319.000000 0.642906 0.000000 0.000007 145.817889
 320.000000 0.603637 0.000000 0.000008 150.666969
 321.000000 0.700815 0.000000 0.000002 138.085736
 322.000000 0.608106 0.000000 0.000003 150.132372
 323.000000 0.653180 0.000000 0.000217 144.501725
 324.000000 0.696312 0.000000 0.000005 138.709666
 325.000000 0.635633 0.000000 0.000000 146.741230
 326.000000 0.577580 0.000000 0.000001 153.688058
 327.000000 0.702134 0.000000 0.000003 137.902325
 328.000000 0.723144 0.000000 0.000001 134.940368
 329.000000 0.659898 0.000005 0.000000 143.616922
 330.000000 0.645051 0.000000 0.000001 145.543254
 331.000000 0.687840 0.000000 0.000001 139.873476
 332.000000 0.620396 0.000000 0.000006 148.639358
 333.000000 0.679050 0.000000 0.000027 141.068138
 334.000000 0.634975 0.000000 0.000001 146.824373
 335.000000 0.718349 0.000000 0.000002 135.622891
 336.000000 0.714578 0.000000 0.000011 136.157236
 337.000000 0.593867 0.000000 0.000007 151.818725
 338.000000 0.726738 0.000000 0.000007 134.426560
 339.000000 0.750553 0.000000 0.000001 130.969805
 340.000000 0.653222 0.000000 0.000001 144.488628
 341.000000 0.703238 0.000000 0.000000 137.748490
 342.000000 0.632275 0.000001 0.000000 147.163860
 343.000000 0.661802 0.000001 0.000000 143.366721
 344.000000 0.674040 0.000000 0.000000 141.741007
 345.000000 0.648960 0.000000 0.000000 145.040428
 346.000000 0.707735 0.000000 0.000007 137.120080
 347.000000 0.719569 0.000000 0.000001 135.449538
 348.000000 0.680201 0.000000 0.000001 140.911697
 349.000000 0.651099 0.000000 0.000001 144.763992
 350.000000 0.644242 0.000000 0.000002 145.646874
 351.000000 0.664080 0.000000 0.000001 143.066293
 352.000000 0.653176 0.000000 0.000000 144.494656
 353.000000 0.728855 0.000000 0.000000 134.122708
 354.000000 0.668875 0.000000 0.000842 142.459127
 355.000000 0.694981 0.000000 0.000001 138.893281
 356.000000 0.680156 0.000000 0.000013 140.918187
 357.000000 0.705722 0.000000 0.000028 137.402567
 358.000000 0.725871 0.000000 0.000127 134.554133
 359.000000 0.638264 0.000000 0.000002 146.408527
 360.000000 0.623307 0.000000 0.000001 148.280470
 361.000000 0.666970 0.000000 0.000015 142.684320
 362.000000 0.688046 0.000000 0.000002 139.845382
 363.000000 0.602933 0.000000 0.000005 150.750551
 364.000000 0.658163 0.000000 0.000001 143.844328
 365.000000 0.636940 0.000000 0.000003 146.576277
 366.000000 0.675891 0.000000 0.000003 141.492725
 367.000000 0.685090 0.000000 0.000002 140.248576
 368.000000 0.669227 0.000000 0.000005 142.383975
 369.000000 0.690963 0.000000 0.000024 139.446641
 370.000000 0.686394 0.000000 0.000011 140.071245
 371.000000 0.710631 0.000000 0.000013 136.713746
 372.000000 0.742330 0.000000 0.000047 132.174296
 373.000000 0.729495 0.000000 0.000064 134.032451
 374.000000 0.733152 0.000000 0.000004 133.504032
 375.000000 0.700915 0.000000 0.000109 138.075171
 376.000000 0.654812 0.000000 0.000000 144.281819
 377.000000 0.639829 0.000000 0.000000 146.209858
 378.000000 0.666194 0.000000 0.000002 142.786746
 379.000000 0.690593 0.000000 0.000017 139.497270
 380.000000 0.676588 0.000000 0.000001 141.398927
 381.000000 0.669276 0.000000 0.000003 142.377454
 382.000000 0.649868 0.000000 0.000000 144.923239
 383.000000 0.701047 0.000000 0.000000 138.053397
 384.000000 0.684890 0.000000 0.000003 140.275758
 385.000000 0.713035 0.000000 0.000000 136.374757
 386.000000 0.674826 0.000000 0.000001 141.635638
 387.000000 0.619894 0.000000 0.000002 148.700837
 388.000000 0.675066 0.000000 0.000001 141.603416
 389.000000 0.733850 0.000000 0.000110 133.406250
 390.000000 0.691042 0.000000 0.000002 139.435196
 391.000000 0.714885 0.000000 0.000006 136.113735
 392.000000 0.697458 0.000000 0.000009 138.551419
 393.000000 0.702879 0.000000 0.000004 137.798565
 394.000000 0.740982 0.000000 0.000002 132.369346
 395.000000 0.624210 0.000000 0.000025 148.169855
 396.000000 0.678122 0.000000 0.000001 141.192377
 397.000000 0.648162 0.000000 0.000011 145.143645
 398.000000 0.732128 0.000000 0.000008 133.651858
 399.000000 0.741102 0.000000 0.000032 132.352684
 400.000000 0.696189 0.000000 0.000006 138.726683
 401.000000 0.634502 0.000000 0.000000 146.883945
 402.000000 0.702020 0.000000 0.000001 137.918127
 403.000000 0.693481 0.000000 0.000000 139.099992
 404.000000 0.597384 0.000000 0.000000 151.406487
 405.000000 0.539498 0.000000 0.000000 157.798893
 406.000000 0.656953 0.000000 0.000002 144.002618
 407.000000 0.653100 0.000000 0.000004 144.504673
 408.000000 0.669315 0.000000 0.000001 142.372215
 409.000000 0.635373 0.000000 0.000000 146.774088
 410.000000 0.687804 0.000000 0.000000 139.878433
 411.000000 0.687041 0.000000 0.000001 139.982594
 412.000000 0.716273 0.000000 0.000013 135.917510
 413.000000 0.669849 0.000000 0.000058 142.303017
 414.000000 0.688150 0.000000 0.000006 139.831270
 415.000000 0.636711 0.000000 0.000028 146.606125
 416.000000 0.678294 0.000000 0.000001 141.169150
 417.000000 0.665403 0.000000 0.000001 142.891420
 418.000000 0.630614 0.000000 0.000004 147.372157
 419.000000 0.730010 0.000000 0.000000 133.956658
 420.000000 0.717768 0.000000 0.000001 135.705282
 421.000000 0.734763 0.000000 0.000000 133.271329
 422.000000 0.674326 0.000000 0.000004 141.702866
 423.000000 0.639583 0.000000 0.000023 146.241883
 424.000000 0.644098 0.000000 0.000077 145.668082
 425.000000 0.696269 0.000000 0.000007 138.715717
 426.000000 0.621717 0.000000 0.000036 148.477961
 427.000000 0.661255 0.000000 0.000000 143.438604
 428.000000 0.612327 0.000000 0.000003 149.623418
 429.000000 0.640270 0.000000 0.000002 146.153754
 430.000000 0.706547 0.000000 0.000001 137.286377
 431.000000 0.661907 0.000000 0.000001 143.352875
 432.000000 0.660782 0.000000 0.000000 143.500868
 433.000000 0.673698 0.000000 0.000014 141.787379
 434.000000 0.605395 0.000000 0.000004 150.457109
 435.000000 0.666159 0.000001 0.000004 142.791437
 436.000000 0.706273 0.000000 0.000002 137.324697
 437.000000 0.682257 0.000000 0.000001 140.633397
 438.000000 0.706314 0.000000 0.000026 137.319665
 439.000000 0.678037 0.000000 0.000000 141.203801
 440.000000 0.699929 0.000000 0.000042 138.209982
 441.000000 0.694608 0.000000 0.000025 138.945489
 442.000000 0.722031 0.000000 0.000005 135.099238
 443.000000 0.653758 0.000000 0.000004 144.419115
 444.000000 0.688978 0.000000 0.000001 139.717902
 445.000000 0.725368 0.000000 0.000001 134.622510
 446.000000 0.692936 0.000000 0.000000 139.174899
 447.000000 0.675135 0.000000 0.000001 141.594152
 448.000000 0.727044 0.000001 0.000000 134.382473
 449.000000 0.669121 0.000000 0.000000 142.398013
 450.000000 0.690235 0.000000 0.000002 139.545849
 451.000000 0.620629 0.000000 0.000006 148.610764
 452.000000 0.729910 0.000001 0.000001 133.970977
 453.000000 0.707663 0.000000 0.000000 137.130057
 454.000000 0.629062 0.000000 0.000001 147.565949
 455.000000 0.664379 0.000000 0.000053 143.028657
 456.000000 0.685375 0.000000 0.000001 140.209707
 457.000000 0.710396 0.000000 0.000107 136.749652
 458.000000 0.698591 0.000000 0.000009 138.394519
 459.000000 0.704187 0.000000 0.000005 137.616195
 460.000000 0.701804 0.000000 0.000001 137.948176
 461.000000 0.695952 0.000000 0.000000 138.759314
 462.000000 0.685979 0.000000 0.000001 140.127472
 463.000000 0.649671 0.000000 0.000001 144.948703
 464.000000 0.000084 0.000000 0.000002 162.822486
 465.000000 0.000020 0.000000 0.000002 162.816264
 466.000000 0.000010 0.000000 0.000001 162.815273
 467.000000 0.000003 0.000000 0.000047 162.818363
 468.000000 0.000281 0.000000 0.000008 162.842049
 469.000000 0.000214 0.000000 0.000198 162.851388
 470.000000 0.000342 0.000000 0.000105 162.856068
 471.000000 0.000160 0.000000 0.000071 162.835610
 472.000000 0.000027 0.000000 0.000157 162.829780
 473.000000 0.000116 0.000000 0.000162 162.838920
 474.000000 0.000015 0.000000 0.000002 162.815845
 475.000000 0.000003 0.000000 0.000005 162.814859
 476.000000 0.000001 0.000000 0.000014 162.815470
 477.000000 0.000001 0.000000 0.000004 162.814668
 478.000000 0.000000 0.000000 0.000002 162.814399
 479.000000 0.000044 0.000000 0.000180 162.833352
 480.000000 0.000002 0.000000 0.000014 162.815535
 481.000000 0.000018 0.000000 0.000030 162.818505
 482.000000 0.000005 0.000000 0.000002 162.814894
 483.000000 0.000007 0.000000 0.000000 162.814917
 484.000000 0.000036 0.000000 0.000002 162.817844
 485.000000 0.000038 0.000000 0.000003 162.818130
 486.000000 0.000000 0.000000 0.000000 162.814246
 487.000000 0.000000 0.000000 0.000001 162.814285
 488.000000 0.000061 0.000000 0.000001 162.820235
 489.000000 0.000271 0.000000 0.000001 162.840505
 490.000000 0.000009 0.000000 0.000001 162.815178
 491.000000 0.002880 0.000000 0.000007 163.092064
 492.000000 0.000076 0.000000 0.000002 162.821757
 493.000000 0.000027 0.000000 0.000030 162.819318
 494.000000 0.000000 0.000000 0.000001 162.814287
 495.000000 0.000000 0.000000 0.000025 162.816328
 496.000000 0.000000 0.000000 0.000014 162.815414
 497.000000 0.000000 0.000000 0.000014 162.815404
 498.000000 0.000000 0.000000 0.000140 162.825820
 499.000000 0.000000 0.000000 0.000376 162.845392
 500.000000 0.000000 0.000000 0.000009 162.814982
 501.000000 0.000000 0.000000 0.000174 162.828659
 502.000000 0.000000 0.000000 0.000007 162.814765
 503.000000 0.000000 0.000000 0.000020 162.815892
 504.000000 0.000002 0.000000 0.000011 162.815292
 505.000000 0.000000 0.000000 0.000074 162.820402
 506.000000 0.000000 0.000001 0.000421 162.849123
 507.000000 0.000007 0.000000 0.001205 162.914471
 508.000000 0.000000 0.000000 0.002643 163.031736
 509.000000 0.000000 0.000000 0.000403 162.847608
 510.000000 0.000000 0.000000 0.003759 163.122592
 511.000000 0.000000 0.000000 0.000305 162.839478
 512.000000 0.000000 0.000000 0.001134 162.907968
 513.000000 0.000000 0.000002 0.001706 162.954938
 514.000000 0.000001 0.000001 0.000164 162.827876
 515.000000 0.000000 0.000000 0.000643 162.867418
 516.000000 0.000001 0.000001 0.000367 162.844702
 517.000000 0.000000 0.000003 0.006555 163.347651
 518.000000 0.000000 0.000000 0.000073 162.820257
 519.000000 0.000000 0.000001 0.000344 162.842719
 520.000000 0.000000 0.000000 0.000052 162.818519
 521.000000 0.000000 0.000001 0.005745 163.282798
 522.000000 0.000000 0.000000 0.000049 162.818306
 523.000000 0.000000 0.000000 0.000269 162.836503
 524.000000 0.000000 0.000000 0.000327 162.841310
 525.000000 0.000000 0.000000 0.000306 162.839587
 526.000000 0.000000 0.000001 0.000033 162.816931
 527.000000 0.000000 0.000000 0.000140 162.825817
 528.000000 0.000000 0.000001 0.000057 162.818966
 529.000000 0.000000 0.000000 0.000275 162.836990
 530.000000 0.000000 0.000000 0.002388 163.010889
 531.000000 0.000000 0.000000 0.000935 162.891517
 532.000000 0.000000 0.000000 0.000326 162.841214
 533.000000 0.000001 0.000000 0.003171 163.074872
 534.000000 0.000001 0.000000 0.001067 162.902464
 535.000000 0.000000 0.000000 0.004319 163.167934
 536.000000 0.000000 0.000000 0.003328 163.087559
 537.000000 0.000000 0.000001 0.003486 163.100359
 538.000000 0.000000 0.000000 0.002769 163.041968
 539.000000 0.000000 0.000000 0.001905 162.971331
 540.000000 0.000001 0.000001 0.004579 163.188998
 541.000000 0.000000 0.000000 0.000430 162.849881
 542.000000 0.000001 0.000000 0.005396 163.254865
 543.000000 0.000000 0.000000 0.002899 163.052581
 544.000000 0.000005 0.000000 0.002714 163.038011
 545.000000 0.000000 0.000000 0.003662 163.114712
 546.000000 0.000001 0.000000 0.000224 162.832946
 547.000000 0.000000 0.000000 0.003157 163.073648
 548.000000 0.000000 0.000000 0.000084 162.821179
 549.000000 0.000001 0.000000 0.003504 163.101896
 550.000000 0.000000 0.000000 0.006243 163.322706
 551.000000 0.000000 0.000000 0.001787 162.961630
 552.000000 0.000002 0.000000 0.000677 162.870503
 553.000000 0.000000 0.000000 0.004748 163.202562
 554.000000 0.000000 0.000000 0.005823 163.289086
 555.000000 0.000001 0.000001 0.020263 164.398218
 556.000000 0.000001 0.000000 0.002201 162.995608
 557.000000 0.000000 0.000000 0.001325 162.923694
 558.000000 0.000000 0.000000 0.002018 162.980535
 559.000000 0.000000 0.000000 0.001924 162.972834
 560.000000 0.000000 0.000000 0.003813 163.126938
 561.000000 0.000001 0.000000 0.003415 163.094732
 562.000000 0.000000 0.000000 0.000189 162.829919
 563.000000 0.000003 0.000000 0.003944 163.137865
 564.000000 0.000000 0.000000 0.004096 163.149885
 565.000000 0.000000 0.000000 0.002755 163.040833
 566.000000 0.000001 0.000000 0.003348 163.089266
 567.000000 0.000001 0.000000 0.000718 162.873705
 568.000000 0.000001 0.000001 0.001185 162.912233
 569.000000 0.000001 0.000001 0.000846 162.884245
 570.000000 0.000000 0.000000 0.000093 162.821964
 571.000000 0.000003 0.000000 0.003458 163.098338
 572.000000 0.000000 0.000000 0.001665 162.951650
 573.000000 0.000001 0.000000 0.000198 162.830748
 574.000000 0.000082 0.000000 0.003008 163.069442
 575.000000 0.000001 0.000000 0.005206 163.239626
 576.000000 0.000000 0.000001 0.001924 162.972854
 577.000000 0.000000 0.000000 0.003140 163.072296
 578.000000 0.000000 0.000000 0.002831 163.047044
 579.000000 0.000000 0.000000 0.000012 162.815239
 580.000000 0.000000 0.000000 0.003206 163.077570
 581.000000 0.000000 0.000000 0.001190 162.912596
 582.000000 0.000000 0.000000 0.003333 163.087937
 583.000000 0.000001 0.000001 0.003225 163.079246
 584.000000 0.000001 0.000014 0.000024 162.816332
 585.000000 0.000000 0.000000 0.002611 163.029145
 586.000000 0.000000 0.000000 0.002677 163.034504
 587.000000 0.000000 0.000000 0.003555 163.105964
 588.000000 0.000001 0.000023 0.003745 163.121507
 589.000000 0.000005 0.000000 0.004863 163.212271
 590.000000 0.000000 0.000000 0.003755 163.122299
 591.000000 0.000000 0.000000 0.005661 163.276025
 592.000000 0.000000 0.000001 0.010289 163.642537
 593.000000 0.000004 0.000000 0.002925 163.055115
 594.000000 0.000001 0.000000 0.003416 163.094772
 595.000000 0.000003 0.000000 0.003731 163.120531
 596.000000 0.000000 0.000000 0.007012 163.384083
 597.000000 0.000001 0.000000 0.000475 162.853599
 598.000000 0.000001 0.000000 0.000269 162.836555
 599.000000 0.000015 0.000000 0.004517 163.185452
 600.000000 0.000000 0.000000 0.000119 162.824162
 601.000000 0.000001 0.000000 0.001029 162.899356
 602.000000 0.000000 0.000000 0.000002 162.814355
 603.000000 0.000000 0.000000 0.000023 162.816113
 604.000000 0.000000 0.000000 0.003506 163.101991
 605.000000 0.000000 0.000000 0.002554 163.024472
 606.000000 0.000000 0.000000 0.002139 162.990534
 607.000000 0.000000 0.000000 0.003468 163.098946
 608.000000 0.000000 0.000000 0.004249 163.162308
 609.000000 0.000001 0.000000 0.002878 163.050986
 610.000000 0.000001 0.000000 0.003515 163.102825
 611.000000 0.000001 0.000000 0.004721 163.200507
 612.000000 0.000000 0.000000 0.002829 163.046877
 613.000000 0.000001 0.000000 0.002342 163.007137
 614.000000 0.000000 0.000000 0.004961 163.219783
 615.000000 0.000000 0.000000 0.003306 163.085730
 616.000000 0.000000 0.000000 0.003198 163.077000
 617.000000 0.000001 0.000000 0.000692 162.871552
 618.000000 0.000000 0.000000 0.002564 163.025236
 619.000000 0.000000 0.000000 0.002782 163.043039
 620.000000 0.000000 0.000000 0.002806 163.044972
 621.000000 0.000000 0.000000 0.003685 163.116562
 622.000000 0.000001 0.000000 0.003272 163.083030
 623.000000 0.000000 0.000000 0.000002 162.814355
 624.000000 0.000000 0.000000 0.000005 162.814674
 625.000000 0.000000 0.000000 0.002000 162.979124
 626.000000 0.000000 0.000000 0.002797 163.044231
 627.000000 0.000000 0.000000 0.000344 162.842680
 628.000000 0.000000 0.000000 0.005185 163.237785
 629.000000 0.000000 0.000000 0.005596 163.270820
 630.000000 0.000001 0.000000 0.000472 162.853395
 631.000000 0.000000 0.000000 0.002974 163.058690
 632.000000 0.000000 0.000000 0.001576 162.944282
 633.000000 0.000000 0.000000 0.003952 163.138221
 634.000000 0.000000 0.000000 0.002929 163.055017
 635.000000 0.000000 0.000000 0.003168 163.074532
 636.000000 0.000000 0.000000 0.000738 162.875318
 637.000000 0.000000 0.000000 0.000092 162.821831
 638.000000 0.000001 0.000001 0.003879 163.132336
 639.000000 0.000001 0.000000 0.000968 162.894386
 640.000000 0.000000 0.000000 0.000089 162.821619
 641.000000 0.000000 0.000000 0.001126 162.907268
 642.000000 0.000000 0.000000 0.002863 163.049640
 643.000000 0.000000 0.000000 0.003981 163.140525
 644.000000 0.000000 0.000000 0.003142 163.072364
 645.000000 0.000000 0.000000 0.002611 163.029101
 646.000000 0.000000 0.000000 0.003742 163.121198
 647.000000 0.000000 0.000000 0.003861 163.130803
 648.000000 0.000000 0.000000 0.005509 163.263822
 649.000000 0.000001 0.000000 0.000190 162.830094
 650.000000 0.000452 0.000003 0.000080 162.864532
 651.000000 0.000000 0.000000 0.000331 162.841623
 652.000000 0.000001 0.000000 0.003262 163.082278
 653.000000 0.000000 0.000000 0.000157 162.827252
 654.000000 0.000000 0.000002 0.000050 162.818329
 655.000000 0.000000 0.000000 0.000278 162.837226
 656.000000 0.000000 0.000000 0.000052 162.818504
 657.000000 0.000000 0.000000 0.003561 163.106511
 658.000000 0.000000 0.000000 0.003322 163.087035
 659.000000 0.000000 0.000000 0.002942 163.056089
 660.000000 0.000000 0.000001 0.000028 162.816555
 661.000000 0.000000 0.000000 0.005802 163.287387
 662.000000 0.000008 0.000000 0.005154 163.236014
 663.000000 0.000000 0.000000 0.001208 162.914053
 664.000000 0.000010 0.000000 0.002368 163.010206
 665.000000 0.000210 0.000000 0.000218 162.852608
 666.000000 0.000003 0.000001 0.004375 163.172768
 667.000000 0.000001 0.000000 0.002970 163.058454
 668.000000 0.000039 0.000000 0.004074 163.151811
 669.000000 0.000000 0.000000 0.003880 163.132399
 670.000000 0.000000 0.000000 0.000099 162.822491
 671.000000 0.000003 0.000000 0.002884 163.051595
 672.000000 0.000000 0.000000 0.003714 163.118910
 673.000000 0.000000 0.000000 0.001181 162.911839
 674.000000 0.000000 0.000000 0.001472 162.935765
 675.000000 0.000000 0.000000 0.002863 163.049693
 676.000000 0.000000 0.000000 0.003595 163.109224
 677.000000 0.000000 0.000000 0.003067 163.066255
 678.000000 0.000003 0.000000 0.005319 163.248839
 679.000000 0.000000 0.000000 0.003718 163.119183
 680.000000 0.000000 0.000000 0.002638 163.031292
 681.000000 0.000000 0.000000 0.000195 162.830349
 682.000000 0.000000 0.000000 0.001079 162.903424
 683.000000 0.000000 0.000000 0.000086 162.821308
 684.000000 0.000000 0.000000 0.004049 163.146072
 685.000000 0.000002 0.000000 0.002629 163.030745
 686.000000 0.000000 0.000000 0.003921 163.135735
 687.000000 0.000000 0.000000 0.002236 162.998424
 688.000000 0.000000 0.000000 0.003179 163.075412
 689.000000 0.000000 0.000000 0.002226 162.997564
 690.000000 0.000000 0.000000 0.002053 162.983425
 691.000000 0.000000 0.000000 0.002451 163.016019
 692.000000 0.000000 0.000000 0.000805 162.880785
 693.000000 0.000000 0.000000 0.002015 162.980301
 694.000000 0.000000 0.000000 0.004416 163.175734
 695.000000 0.000000 0.000000 0.003042 163.064250
 696.000000 0.000000 0.000000 0.000007 162.814764
 697.000000 0.000000 0.000000 0.001917 162.972254
 698.000000 0.000000 0.000000 0.005089 163.230088
 699.000000 0.000000 0.000000 0.000970 162.894447
 700.000000 0.000000 0.000000 0.001331 162.924193
 701.000000 0.000000 0.000000 0.000114 162.823686
 702.000000 0.000008 0.000000 0.003691 163.117770
 703.000000 0.000000 0.000000 0.000386 162.846176
 704.000000 0.000000 0.000000 0.000433 162.850109
 705.000000 0.000000 0.000000 0.002907 163.053300
 706.000000 0.000000 0.000000 0.002456 163.016415
 707.000000 0.000000 0.000000 0.002654 163.032628
 708.000000 0.000000 0.000000 0.003076 163.067053
 709.000000 0.000006 0.000000 0.000996 162.897126
 710.000000 0.000004 0.000000 0.004458 163.179522
 711.000000 0.000001 0.000000 0.004323 163.168333
 712.000000 0.000001 0.000000 0.002329 163.006131
 713.000000 0.000001 0.000001 0.001431 162.932428
 714.000000 0.000002 0.000000 0.003575 163.107786
 715.000000 0.000003 0.000000 0.000782 162.879210
 716.000000 0.000005 0.000001 0.003537 163.104952
 717.000000 0.000000 0.000000 0.004996 163.222649
 718.000000 0.000000 0.000000 0.002680 163.034749
 719.000000 0.000000 0.000000 0.003056 163.065368
 720.000000 0.000000 0.000000 0.005470 163.260702
 721.000000 0.000000 0.000000 0.004406 163.175006
 722.000000 0.000000 0.000000 0.000001 162.814369
 723.000000 0.000001 0.000000 0.000001 162.814396
 724.000000 0.000001 0.000000 0.000005 162.814654
 725.000000 0.000002 0.000000 0.000001 162.814420
 726.000000 0.000000 0.000000 0.000134 162.825346
 727.000000 0.000001 0.000000 0.000004 162.814600
 728.000000 0.000000 0.000000 0.000002 162.814394
 729.000000 0.000005 0.000000 0.000047 162.818623
 730.000000 0.000000 0.000000 0.000001 162.814339
 731.000000 0.000000 0.000000 0.000000 162.814252
 732.000000 0.000000 0.000000 0.000002 162.814429
 733.000000 0.000000 0.000000 0.000045 162.817933
 734.000000 0.000000 0.000000 0.000146 162.826344
 735.000000 0.000000 0.000000 0.000001 162.814307
 736.000000 0.000000 0.000000 0.000014 162.815359
 737.000000 0.000000 0.000000 0.004783 163.205407
 738.000000 0.000000 0.000000 0.003563 163.106618
 739.000000 0.000000 0.000000 0.006240 163.322496
 740.000000 0.000000 0.000000 0.002593 163.027591
 741.000000 0.000000 0.000000 0.000172 162.828450
 742.000000 0.000000 0.000000 0.000041 162.817600
 743.000000 0.000000 0.000002 0.003968 163.139533
 744.000000 0.000000 0.000000 0.000130 162.825025
 745.000000 0.000000 0.000000 0.000132 162.825137
 746.000000 0.000000 0.000000 0.000111 162.823429
 747.000000 0.000000 0.000000 0.000359 162.843932
 748.000000 0.000000 0.000000 0.001575 162.944237
 749.000000 0.000073 0.000000 0.003413 163.101466
 750.000000 0.000094 0.000000 0.000021 162.825107
 751.000000 0.000000 0.000000 0.003985 163.140929
 752.000000 0.000000 0.000000 0.003587 163.108546
 753.000000 0.000012 0.000000 0.000855 162.886088
 754.000000 0.000000 0.000000 0.005810 163.288037
 755.000000 0.000000 0.000000 0.005534 163.265823
 756.000000 0.000000 0.000000 0.006466 163.340479
 757.000000 0.000000 0.000000 0.000474 162.853451
 758.000000 0.000000 0.000000 0.005928 163.297498
 759.000000 0.000000 0.000000 0.003366 163.090600
 760.000000 0.000000 0.000000 0.000362 162.844188
 761.000000 0.000000 0.000000 0.000257 162.835513
 762.000000 0.000000 0.000000 0.004152 163.154390
 763.000000 0.000000 0.000000 0.004225 163.160329
 764.000000 0.000000 0.000000 0.003632 163.112217
 765.000000 0.000000 0.000000 0.000370 162.844832
 766.000000 0.000000 0.000000 0.001013 162.897938
 767.000000 0.000000 0.000000 0.002522 163.021830
 768.000000 0.000000 0.000000 0.002242 162.998897
 769.000000 0.000000 0.000000 0.002051 162.983239
 770.000000 0.000000 0.000000 0.000685 162.870872
 771.000000 0.000000 0.000000 0.004499 163.182447
 772.000000 0.000000 0.000000 0.002294 163.003200
 773.000000 0.000000 0.000000 0.005240 163.242241
 774.000000 0.000000 0.000001 0.001280 162.919967
 775.000000 0.000000 0.000000 0.005544 163.266676
 776.000000 0.000000 0.000000 0.000631 162.866436
 777.000000 0.000000 0.000000 0.003466 163.098768
 778.000000 0.000000 0.000000 0.002416 163.013142
 779.000000 0.000000 0.000000 0.000021 162.815963
 780.000000 0.000000 0.000000 0.000041 162.817647
 781.000000 0.000000 0.000007 0.000003 162.814472
 782.000000 0.000000 0.000000 0.000005 162.814658
 783.000000 0.000000 0.000000 0.000001 162.814276
 784.000000 0.000000 0.000000 0.000017 162.815634
 785.000000 0.000000 0.000048 0.000014 162.815418
 786.000000 0.000000 0.000115 0.000001 162.814329
 787.000000 0.000000 0.000007 0.000017 162.815618
 788.000000 0.000000 0.000002 0.000001 162.814302
 789.000000 0.000000 0.000000 0.000000 162.814235
 790.000000 0.000000 0.000015 0.000001 162.814300
 791.000000 0.000000 0.000000 0.000000 162.814242
 792.000000 0.000000 0.000003 0.000002 162.814419
 793.000000 0.000000 0.000016 0.000001 162.814290
 794.000000 0.000000 0.000000 0.000001 162.814265
 795.000000 0.000000 0.000003 0.000005 162.814650
 796.000000 0.000002 0.000000 0.000000 162.814496
 797.000000 0.000002 0.000005 0.000007 162.814992
 798.000000 0.000000 0.000001 0.000061 162.819275
 799.000000 0.000000 0.000006 0.000002 162.814355
 800.000000 0.000003 0.000000 0.000008 162.815112
 801.000000 0.000000 0.000000 0.000001 162.814315
 802.000000 0.000000 0.000008 0.000013 162.815287
 803.000000 0.000000 0.000068 0.000004 162.814586
 804.000000 0.000000 0.000000 0.000002 162.814366
 805.000000 0.000000 0.000000 0.000000 162.814237
 806.000000 0.000000 0.000000 0.000000 162.814270
 807.000000 0.000000 0.000005 0.000000 162.814252
 808.000000 0.000000 0.000012 0.000001 162.814333
 809.000000 0.000000 0.000000 0.000000 162.814244
 810.000000 0.000000 0.000000 0.000001 162.814266
 811.000000 0.000000 0.000000 0.000004 162.814533
 812.000000 0.000000 0.000000 0.000000 162.814226
 813.000000 0.000000 0.000008 0.000007 162.814853
 814.000000 0.000000 0.000044 0.000003 162.814442
 815.000000 0.000000 0.000128 0.000003 162.814483
 816.000000 0.000000 0.000000 0.000000 162.814232
 817.000000 0.000000 0.000000 0.000000 162.814250
 818.000000 0.000000 0.000000 0.000000 162.814278
 819.000000 0.000000 0.000000 0.000000 162.814230
 820.000000 0.000000 0.000000 0.000000 162.814230
 821.000000 0.000000 0.000000 0.000000 162.814239
 822.000000 0.000000 0.000000 0.000000 162.814232
 823.000000 0.000000 0.000000 0.000001 162.814264
 824.000000 0.000000 0.000024 0.000001 162.814289
 825.000000 0.000000 0.000008 0.000001 162.814287
 826.000000 0.000000 0.000000 0.000000 162.814237
 827.000000 0.000000 0.000000 0.000000 162.814226
 828.000000 0.000000 0.000000 0.000000 162.814242
 829.000000 0.000000 0.000010 0.000004 162.814546
 830.000000 0.000000 0.000000 0.000001 162.814348
 831.000000 0.000008 0.000000 0.000000 162.815027
 832.000000 0.000005 0.000000 0.000000 162.814764
 833.000000 0.000000 0.000000 0.002869 163.050115
 834.000000 0.000032 0.000003 0.000415 162.851713
 835.000000 0.000001 0.000000 0.000001 162.814387
 836.000000 0.000006 0.000007 0.000042 162.818260
 837.000000 0.000001 0.000002 0.000003 162.814491
 838.000000 0.000000 0.000281 0.000000 162.814295
 839.000000 0.000001 0.000041 0.000000 162.814374
 840.000000 0.000000 0.000070 0.000000 162.814262
 841.000000 0.000001 0.000002 0.000001 162.814400
 842.000000 0.000000 0.000000 0.000000 162.814257
 843.000000 0.000000 0.000003 0.000000 162.814232
 844.000000 0.000000 0.000000 0.000001 162.814339
 845.000000 0.000000 0.000000 0.000020 162.815905
 846.000000 0.000000 0.000000 0.000346 162.842895
 847.000000 0.000000 0.000001 0.000746 162.875937
 848.000000 0.000000 0.000003 0.000469 162.853065
 849.000000 0.000000 0.000001 0.001052 162.901155
 850.000000 0.000000 0.000036 0.001376 162.927860
 851.000000 0.000000 0.000030 0.000168 162.828163
 852.000000 0.000000 0.000032 0.000034 162.817096
 853.000000 0.000000 0.000003 0.000004 162.814546
 854.000000 0.000000 0.000000 0.000611 162.864846
 855.000000 0.000000 0.000000 0.000197 162.830522
 856.000000 0.000000 0.000000 0.005503 163.263339
 857.000000 0.000001 0.000000 0.000002 162.814494
 858.000000 0.000000 0.000011 0.000001 162.814274
 859.000000 0.000000 0.000000 0.002505 163.020415
 860.000000 0.000000 0.000000 0.002753 163.040654
 861.000000 0.000000 0.000000 0.000028 162.816510
 862.000000 0.000000 0.000000 0.004388 163.173500
 863.000000 0.000000 0.000000 0.003568 163.107031
 864.000000 0.000000 0.000000 0.001033 162.899634
 865.000000 0.000000 0.000000 0.000075 162.820437
 866.000000 0.000000 0.000000 0.000228 162.833079
 867.000000 0.000000 0.000000 0.001248 162.917304
 868.000000 0.000000 0.000000 0.000008 162.814907
 869.000000 0.000000 0.000000 0.002773 163.042347
 870.000000 0.000000 0.000000 0.003001 163.060910
 871.000000 0.000001 0.000000 0.000617 162.865385
 872.000000 0.000000 0.000000 0.003884 163.132732
 873.000000 0.000000 0.000000 0.003596 163.109318
 874.000000 0.000000 0.000000 0.003330 163.087669
 875.000000 0.000000 0.000000 0.000133 162.825246
 876.000000 0.000000 0.000000 0.005037 163.225858
 877.000000 0.000000 0.000000 0.000098 162.822318
 878.000000 0.000000 0.000000 0.003691 163.117068
 879.000000 0.000000 0.000000 0.003279 163.083538
 880.000000 0.000000 0.000000 0.002587 163.027096
 881.000000 0.000000 0.000000 0.000688 162.871171
 882.000000 0.000000 0.000000 0.002818 163.045946
 883.000000 0.000000 0.000000 0.002692 163.035709
 884.000000 0.000000 0.000000 0.004534 163.185315
 885.000000 0.000000 0.000000 0.003624 163.111569
 886.000000 0.000000 0.000000 0.004045 163.145760
 887.000000 0.000000 0.000000 0.000937 162.891711
 888.000000 0.000000 0.000000 0.000030 162.816708
 889.000000 0.000000 0.000000 0.000011 162.815179
 890.000000 0.000000 0.000000 0.004100 163.150220
 891.000000 0.000000 0.000000 0.001334 162.924373
 892.000000 0.000000 0.000000 0.003188 163.076101
 893.000000 0.000000 0.000000 0.006962 163.380118
 894.000000 0.000000 0.000004 0.000098 162.822310
 895.000000 0.000002 0.000001 0.005595 163.270902
 896.000000 0.000000 0.000000 0.000058 162.819033
 897.000000 0.000000 0.000000 0.001703 162.954768
 898.000000 0.000000 0.000000 0.004051 163.146224
 899.000000 0.000000 0.000000 0.002890 163.051871
 900.000000 0.000000 0.000000 0.001510 162.938883
 901.000000 0.000001 0.000000 0.000039 162.817514
 902.000000 0.000017 0.000000 0.003373 163.092833
 903.000000 0.000005 0.000000 0.000138 162.826146
 904.000000 0.000002 0.000000 0.000695 162.871945
 905.000000 0.000001 0.000000 0.002490 163.019297
 906.000000 0.000000 0.000000 0.000606 162.864340
 907.000000 0.000000 0.000000 0.004276 163.164474
 908.000000 0.000000 0.000000 0.002305 163.004081
 909.000000 0.000000 0.000000 0.002830 163.046944
 910.000000 0.000000 0.000000 0.004072 163.147927
 911.000000 0.000000 0.000000 0.002847 163.048307
 912.000000 0.000000 0.000000 0.000882 162.887134
 913.000000 0.000000 0.000000 0.004893 163.214314
 914.000000 0.000000 0.000000 0.003870 163.131570
 915.000000 0.000000 0.000000 0.005365 163.252263
 916.000000 0.000009 0.000000 0.002598 163.028883
 917.000000 0.000004 0.000000 0.004918 163.216654
 918.000000 0.000003 0.000000 0.002661 163.033475
 919.000000 0.000001 0.000000 0.002659 163.033043
 920.000000 0.000003 0.000000 0.001098 162.905196
 921.000000 0.000099 0.000000 0.003443 163.106458
 922.000000 0.000106 0.000000 0.007744 163.452449
 923.000000 0.000001 0.000000 0.004997 163.222785
 924.000000 0.000002 0.000000 0.003119 163.070634
 925.000000 0.000000 0.000000 0.003363 163.090420
 926.000000 0.000000 0.000000 0.001991 162.978329
 927.000000 0.000000 0.000000 0.002962 163.057721
 928.000000 0.000000 0.000000 0.006949 163.379011
 929.000000 0.000000 0.000000 0.000057 162.818947
 930.000000 0.000000 0.000000 0.003707 163.118362
 931.000000 0.000000 0.000000 0.005430 163.257503
 932.000000 0.000000 0.000000 0.001895 162.970485
 933.000000 0.000000 0.000000 0.002775 163.042435
 934.000000 0.000000 0.000000 0.004705 163.199112
 935.000000 0.000001 0.000000 0.002371 163.009482
 936.000000 0.000000 0.000000 0.002637 163.031234
 937.000000 0.000001 0.000000 0.000901 162.888771
 938.000000 0.000001 0.000000 0.000608 162.864607
 939.000000 0.000000 0.000000 0.003315 163.086542
 940.000000 0.000000 0.000000 0.004296 163.166126
 941.000000 0.000002 0.000000 0.000980 162.895414
 942.000000 0.000000 0.000000 0.002203 162.995772
 943.000000 0.000000 0.000001 0.002860 163.049477
 944.000000 0.000001 0.000000 0.002739 163.039695
 945.000000 0.000001 0.000000 0.002300 163.003735
 946.000000 0.000002 0.000000 0.003979 163.140592
 947.000000 0.000004 0.000000 0.001936 162.974225
 948.000000 0.000002 0.000000 0.003174 163.075119
 949.000000 0.000002 0.000000 0.002742 163.039973
 950.000000 0.000002 0.000000 0.003642 163.113227
 951.000000 0.000004 0.000000 0.000740 162.875772
 952.000000 0.000009 0.000000 0.003692 163.117976
 953.000000 0.000000 0.000000 0.003909 163.134748
 954.000000 0.000000 0.000000 0.003549 163.105516
 955.000000 0.000000 0.000000 0.004053 163.146419
 956.000000 0.000000 0.000000 0.003361 163.090275
 957.000000 0.000001 0.000000 0.002822 163.046400
 958.000000 0.000000 0.000001 0.005340 163.250303
 959.000000 0.000001 0.000000 0.004082 163.148822
 960.000000 0.000000 0.000001 0.001356 162.926240
 961.000000 0.000000 0.000000 0.002112 162.988296
 962.000000 0.000029 0.000000 0.002663 163.036159
 963.000000 0.000013 0.000000 0.003777 163.125293
 964.000000 0.000002 0.000000 0.005403 163.255466
 965.000000 0.000001 0.000000 0.000737 162.875260
 966.000000 0.000001 0.000000 0.005047 163.226835
 967.000000 0.000000 0.000000 0.001738 162.957631
 968.000000 0.000000 0.000001 0.003615 163.110903
 969.000000 0.000000 0.000000 0.003765 163.123074
 970.000000 0.000000 0.000000 0.002978 163.059056
 971.000000 0.000000 0.000000 0.004569 163.188168
 972.000000 0.000002 0.000000 0.001081 162.903741
 973.000000 0.000001 0.000000 0.005172 163.236807
 974.000000 0.000000 0.000000 0.000231 162.833396
 975.000000 0.000001 0.000000 0.002691 163.035658
 976.000000 0.000001 0.000000 0.002595 163.027791
 977.000000 0.000001 0.000000 0.002180 162.993914
 978.000000 0.000005 0.000000 0.002577 163.026754
 979.000000 0.000005 0.000000 0.003690 163.117482
 980.000000 0.000001 0.000000 0.004429 163.176859
 981.000000 0.000003 0.000002 0.002171 162.993397
 982.000000 0.000004 0.000001 0.000307 162.840020
 983.000000 0.000004 0.000000 0.000185 162.829966
 984.000000 0.000002 0.000001 0.000323 162.841135
 985.000000 0.000003 0.000002 0.000147 162.826613
 986.000000 0.000005 0.000000 0.000024 162.816653
 987.000000 0.000003 0.000000 0.004159 163.155195
 988.000000 0.000003 0.000000 0.006141 163.314778
 989.000000 0.000006 0.000000 0.000072 162.820764
 990.000000 0.000008 0.000000 0.000546 162.860166
 991.000000 0.000001 0.000000 0.000087 162.821506
 992.000000 0.000005 0.000000 0.000433 162.850559
 993.000000 0.000002 0.000000 0.003337 163.088417
 994.000000 0.000003 0.000000 0.000982 162.895663
 995.000000 0.000001 0.000000 0.003174 163.075107
 996.000000 0.000009 0.000000 0.004064 163.148153
 997.000000 0.000009 0.000001 0.000033 162.817835
 998.000000 0.000001 0.000000 0.000004 162.814625
 999.000000 0.000004 0.000000 0.000090 162.822116
 1000.000000 0.000003 0.000000 0.000431 162.850232
 1001.000000 0.000003 0.000000 0.000070 162.820290
 1002.000000 0.000003 0.000000 0.000096 162.822518
 1003.000000 0.000014 0.000000 0.000702 162.873653
 1004.000000 0.000002 0.000000 0.000738 162.875483
 1005.000000 0.000004 0.000000 0.000177 162.829321
 1006.000000 0.000028 0.000000 0.002409 163.015241
 1007.000000 0.000000 0.000000 0.002326 163.005798
 1008.000000 0.000003 0.000000 0.000545 162.859624
 1009.000000 0.000002 0.000000 0.000542 162.859269
 1010.000000 0.000004 0.000000 0.000088 162.821916
 1011.000000 0.000005 0.000000 0.000694 162.872119
 1012.000000 0.000001 0.000000 0.003570 163.107304
 1013.000000 0.000009 0.000000 0.000261 162.836735
 1014.000000 0.000003 0.000000 0.000897 162.888714
 1015.000000 0.000015 0.000000 0.000009 162.816403
 1016.000000 0.000004 0.000000 0.002959 163.057909
 1017.000000 0.000004 0.000000 0.000801 162.880910
 1018.000000 0.000008 0.000000 0.000272 162.837466
 1019.000000 0.000003 0.000000 0.000305 162.839794
 1020.000000 0.000003 0.000000 0.002037 162.982409
 1021.000000 0.000003 0.000000 0.000025 162.816532
 1022.000000 0.000001 0.000000 0.000026 162.816523
 1023.000000 0.000004 0.000000 0.000037 162.817694
 1024.000000 0.000009 0.000000 0.000071 162.820975
 1025.000000 0.000006 0.000000 0.000506 162.856655
 1026.000000 0.000002 0.000000 0.005218 163.240674
 1027.000000 0.000002 0.000000 0.000006 162.814917
 1028.000000 0.000002 0.000000 0.000121 162.824471
 1029.000000 0.000003 0.000000 0.000015 162.815786
 1030.000000 0.000003 0.000000 0.001216 162.915027
 1031.000000 0.000006 0.000000 0.000009 162.815507
 1032.000000 0.000006 0.000000 0.002635 163.031604
 1033.000000 0.000002 0.000000 0.000316 162.840524
 1034.000000 0.000001 0.000000 0.003354 163.089700
 1035.000000 0.000011 0.000000 0.000068 162.820903
 1036.000000 0.000001 0.000000 0.000876 162.886810
 1037.000000 0.000002 0.000000 0.002247 162.999448
 1038.000000 0.000007 0.000000 0.000268 162.837181
 1039.000000 0.000009 0.000000 0.000310 162.840843
 1040.000000 0.000002 0.000000 0.002225 162.997719
 1041.000000 0.000013 0.000000 0.000111 162.824654
 1042.000000 0.000002 0.000000 0.000818 162.882123
 1043.000000 0.000004 0.000000 0.000022 162.816492
 1044.000000 0.000010 0.000000 0.001864 162.968943
 1045.000000 0.000006 0.000000 0.006459 163.340550
 1046.000000 0.000003 0.000000 0.000253 162.835505
 1047.000000 0.000002 0.000000 0.000016 162.815656
 1048.000000 0.000008 0.000000 0.002012 162.980802
 1049.000000 0.000006 0.000000 0.000159 162.828019
 1050.000000 0.000004 0.000000 0.000036 162.817596
 1051.000000 0.000009 0.000000 0.000028 162.817414
 1052.000000 0.000002 0.000000 0.000359 162.844095
 1053.000000 0.000003 0.000000 0.003229 163.079756
 1054.000000 0.000004 0.000000 0.000255 162.835722
 1055.000000 0.000012 0.000000 0.000013 162.816488
 1056.000000 0.000004 0.000000 0.000207 162.831754
 1057.000000 0.000016 0.000000 0.002511 163.022415
 1058.000000 0.000002 0.000000 0.000062 162.819475
 1059.000000 0.000010 0.000000 0.000045 162.818903
 1060.000000 0.000002 0.000000 0.003125 163.071283
 1061.000000 0.000004 0.000000 0.000306 162.839951
 1062.000000 0.000004 0.000000 0.003549 163.105852
 1063.000000 0.000001 0.000000 0.000018 162.815757
 1064.000000 0.000004 0.000000 0.000042 162.818114
 1065.000000 0.000012 0.000000 0.000094 162.823235
 1066.000000 0.000002 0.000000 0.000086 162.821605
 1067.000000 0.000007 0.000000 0.002386 163.011353
 1068.000000 0.000005 0.000000 0.001996 162.979226
 1069.000000 0.000001 0.000000 0.000139 162.825884
 1070.000000 0.000012 0.000000 0.004682 163.198460
 1071.000000 0.000002 0.000000 0.000214 162.832159
 1072.000000 0.000001 0.000000 0.000012 162.815288
 1073.000000 0.000002 0.000000 0.000024 162.816474
 1074.000000 0.000002 0.000000 0.003532 163.104335
 1075.000000 0.000002 0.000000 0.000111 162.823572
 1076.000000 0.000004 0.000000 0.000046 162.818371
 1077.000000 0.000009 0.000000 0.001810 162.964384
 1078.000000 0.000001 0.000000 0.003422 163.095336
 1079.000000 0.000002 0.000000 0.004995 163.222714
 1080.000000 0.000003 0.000000 0.000468 162.853273
 1081.000000 0.000002 0.000000 0.000063 162.819643
 1082.000000 0.000004 0.000000 0.000011 162.815528
 1083.000000 0.000002 0.000000 0.003995 163.141896
 1084.000000 0.000008 0.000000 0.000104 162.823592
 1085.000000 0.000001 0.000000 0.002417 163.013335
 1086.000000 0.000002 0.000000 0.000815 162.881865
 1087.000000 0.000002 0.000000 0.003619 163.111400
 1088.000000 0.000000 0.000000 0.004004 163.142403
 1089.000000 0.000000 0.000000 0.000453 162.851748
 1090.000000 0.000001 0.000000 0.002928 163.055036
 1091.000000 0.000001 0.000000 0.000019 162.815858
 1092.000000 0.000000 0.000000 0.004386 163.173353
 1093.000000 0.000003 0.000000 0.000003 162.814757
 1094.000000 0.000000 0.000000 0.003993 163.141573
 1095.000000 0.000000 0.000000 0.003125 163.071038
 1096.000000 0.000001 0.000000 0.001699 162.954468
 1097.000000 0.000000 0.000000 0.006108 163.311930
 1098.000000 0.000001 0.000000 0.000234 162.833699
 1099.000000 0.000001 0.000000 0.000408 162.848052
 1100.000000 0.000000 0.000000 0.000012 162.815280
 1101.000000 0.000000 0.000000 0.000008 162.814893
 1102.000000 0.000000 0.000000 0.000567 162.861128
 1103.000000 0.000000 0.000000 0.001424 162.931782
 1104.000000 0.000001 0.000000 0.000448 162.851328
 1105.000000 0.000001 0.000000 0.002937 163.055793
 1106.000000 0.000000 0.000000 0.002055 162.983568
 1107.000000 0.000000 0.000000 0.000011 162.815100
 1108.000000 0.000000 0.000000 0.001578 162.944465
 1109.000000 0.000000 0.000000 0.002834 163.047284
 1110.000000 0.000000 0.000000 0.004111 163.151053
 1111.000000 0.000000 0.000000 0.003480 163.099902
 1112.000000 0.000000 0.000001 0.003876 163.132043
 1113.000000 0.000000 0.000000 0.000010 162.815067
 1114.000000 0.000001 0.000000 0.000145 162.826322
 1115.000000 0.000000 0.000000 0.000864 162.885726
 1116.000000 0.000051 0.000001 0.001325 162.928574
 1117.000000 0.000001 0.000000 0.003078 163.067276
 1118.000000 0.000000 0.000000 0.003046 163.064537
 1119.000000 0.000002 0.000000 0.001359 162.926632
 1120.000000 0.000002 0.000001 0.004583 163.189446
 1121.000000 0.000003 0.000001 0.000205 162.831537
 1122.000000 0.000003 0.000000 0.002846 163.048611
 1123.000000 0.000000 0.000000 0.003244 163.080738
 1124.000000 0.000001 0.000001 0.003866 163.131334
 1125.000000 0.000000 0.000001 0.003601 163.109750
 1126.000000 0.000001 0.000000 0.002364 163.009003
 1127.000000 0.000002 0.000000 0.005768 163.284870
 1128.000000 0.000002 0.000000 0.002355 163.008375
 1129.000000 0.000001 0.000000 0.003333 163.088012
 1130.000000 0.000000 0.000000 0.002640 163.031458
 1131.000000 0.000001 0.000000 0.000372 162.845137
 1132.000000 0.000001 0.000001 0.003771 163.123591
 1133.000000 0.000000 0.000001 0.004849 163.210751
 1134.000000 0.000000 0.000000 0.003176 163.075184
 1135.000000 0.000006 0.000000 0.000424 162.849944
 1136.000000 0.000003 0.000001 0.002114 162.988678
 1137.000000 0.000005 0.000000 0.002519 163.022049
 1138.000000 0.000003 0.000000 0.003097 163.069015
 1139.000000 0.000043 0.000000 0.003829 163.132308
 1140.000000 0.000006 0.000000 0.001524 162.940622
 1141.000000 0.000001 0.000000 0.000016 162.815602
 1142.000000 0.000001 0.000000 0.000036 162.817285
 1143.000000 0.000002 0.000000 0.003556 163.106260
 1144.000000 0.000001 0.000000 0.000011 162.815269
 1145.000000 0.000030 0.000000 0.000025 162.819224
 1146.000000 0.000001 0.000007 0.000073 162.820312
 1147.000000 0.000001 0.000000 0.002845 163.048256
 1148.000000 0.000002 0.000000 0.002153 162.991872
 1149.000000 0.000000 0.000000 0.004417 163.175851
 1150.000000 0.000001 0.000000 0.002458 163.016715
 1151.000000 0.000001 0.000000 0.001592 162.945709
 1152.000000 0.000002 0.000000 0.002784 163.043321
 1153.000000 0.000001 0.000000 0.002428 163.014177
 1154.000000 0.000003 0.000000 0.001702 162.954904
 1155.000000 0.000002 0.000000 0.004646 163.194527
 1156.000000 0.000006 0.000000 0.001063 162.902647
 1157.000000 0.000007 0.000000 0.003780 163.124878
 1158.000000 0.000002 0.000000 0.003692 163.117332
 1159.000000 0.000001 0.000000 0.000156 162.827276
 1160.000000 0.000001 0.000000 0.000316 162.840420
 1161.000000 0.000002 0.000001 0.003901 163.134313
 1162.000000 0.000001 0.000000 0.003113 163.070109
 1163.000000 0.000000 0.000000 0.003861 163.130883
 1164.000000 0.000004 0.000001 0.000912 162.890047
 1165.000000 0.000002 0.000000 0.001117 162.906673
 1166.000000 0.000003 0.000000 0.004091 163.149733
 1167.000000 0.000108 0.000000 0.001063 162.912446
 1168.000000 0.000000 0.000000 0.000873 162.886460
 1169.000000 0.000000 0.000000 0.003815 163.127130
 1170.000000 0.000006 0.000000 0.005528 163.265934
 1171.000000 0.000000 0.000000 0.002329 163.006014
 1172.000000 0.000000 0.000000 0.000372 162.845005
 1173.000000 0.000003 0.000000 0.000073 162.820596
 1174.000000 0.000002 0.000000 0.001983 162.977876
 1175.000000 0.000000 0.000000 0.003778 163.124116
 1176.000000 0.000001 0.000000 0.005302 163.247297
 1177.000000 0.000002 0.000000 0.004181 163.156951
 1178.000000 0.000001 0.000000 0.000016 162.815614
 1179.000000 0.000004 0.000000 0.002656 163.033145
 1180.000000 0.000007 0.000000 0.000700 162.872770
 1181.000000 0.000000 0.000000 0.005629 163.273504
 1182.000000 0.000000 0.000000 0.004184 163.156991
 1183.000000 0.000000 0.000000 0.003398 163.093272
 1184.000000 0.000009 0.000000 0.000627 162.866956
 1185.000000 0.000001 0.000000 0.004748 163.202646
 1186.000000 0.000022 0.000000 0.004966 163.222281
 1187.000000 0.000000 0.000000 0.000137 162.825597
 1188.000000 0.000000 0.000000 0.001575 162.944222
 1189.000000 0.000000 0.000000 0.004697 163.198436
 1190.000000 0.000000 0.000000 0.005136 163.233841
 1191.000000 0.000000 0.000000 0.003979 163.140372
 1192.000000 0.000000 0.000000 0.001033 162.899659
 1193.000000 0.000000 0.000000 0.000055 162.818779
 1194.000000 0.000000 0.000000 0.003570 163.107204
 1195.000000 0.000000 0.000000 0.002133 162.990003
 1196.000000 0.000000 0.000000 0.002855 163.049080
 1197.000000 0.000000 0.000000 0.004716 163.200028
 1198.000000 0.000000 0.000000 0.003491 163.100793
 1199.000000 0.000000 0.000000 0.001565 162.943417
 1200.000000 0.000000 0.000000 0.004239 163.161472
 1201.000000 0.000000 0.000000 0.000015 162.815491
 1202.000000 0.000000 0.000000 0.003818 163.127298
 1203.000000 0.000000 0.000000 0.004401 163.174578
 1204.000000 0.000000 0.000000 0.001991 162.978370
 1205.000000 0.000000 0.000000 0.000130 162.825024
 1206.000000 0.000000 0.000000 0.003691 163.117009
 1207.000000 0.000000 0.000000 0.002796 163.044204
 1208.000000 0.000000 0.000000 0.004328 163.168630
 1209.000000 0.000000 0.000000 0.000542 162.859122
 1210.000000 0.000000 0.000000 0.000003 162.814503
 1211.000000 0.000000 0.000000 0.004356 163.170875
 1212.000000 0.000000 0.000000 0.004886 163.213703
 1213.000000 0.000000 0.000000 0.003454 163.097797
 1214.000000 0.000000 0.000000 0.003744 163.121333
 1215.000000 0.000000 0.000000 0.002490 163.019212
 1216.000000 0.000000 0.000000 0.005264 163.244156
 1217.000000 0.000000 0.000000 0.003678 163.115988
 1218.000000 0.000001 0.000000 0.004364 163.171669
 1219.000000 0.000000 0.000000 0.003869 163.131529
 1220.000000 0.000000 0.000001 0.003424 163.095347
 1221.000000 0.000000 0.000000 0.002653 163.032481
 1222.000000 0.000000 0.000000 0.002719 163.037931
 1223.000000 0.000000 0.000000 0.000538 162.858710
 1224.000000 0.000000 0.000000 0.000281 162.837487
 1225.000000 0.000000 0.000000 0.003644 163.113234
 1226.000000 0.000000 0.000000 0.000619 162.865453
 1227.000000 0.000000 0.000000 0.002610 163.029002
 1228.000000 0.000000 0.000000 0.000123 162.824378
 1229.000000 0.000000 0.000000 0.006189 163.318360
 1230.000000 0.000000 0.000000 0.002242 162.998958
 1231.000000 0.000003 0.000000 0.004150 163.154504
 1232.000000 0.000002 0.000000 0.003358 163.090158
 1233.000000 0.000001 0.000000 0.002177 162.993690
 1234.000000 0.000006 0.000000 0.000488 162.855116
 1235.000000 0.000001 0.000000 0.001423 162.931755
 1236.000000 0.000002 0.000000 0.003440 163.096834
 1237.000000 0.000002 0.000000 0.001548 162.942185
 1238.000000 0.000000 0.000000 0.003179 163.075450
 1239.000000 0.000000 0.000000 0.004333 163.169044
 1240.000000 0.000000 0.000000 0.003230 163.079536
 1241.000000 0.000000 0.000000 0.001696 162.954221
 1242.000000 0.000000 0.000000 0.004081 163.148642
 1243.000000 0.000002 0.000000 0.005683 163.278020
 1244.000000 0.000000 0.000000 0.004523 163.184440
 1245.000000 0.000005 0.000000 0.004238 163.161895
 1246.000000 0.000000 0.000000 0.000135 162.825432
 1247.000000 0.000001 0.000000 0.003339 163.088530
 1248.000000 0.000001 0.000000 0.006934 163.377889
 1249.000000 0.000002 0.000000 0.002988 163.059975
 1250.000000 0.000001 0.000000 0.004397 163.174327
 1251.000000 0.000001 0.000000 0.002948 163.056753
 1252.000000 0.000001 0.000000 0.002851 163.048720
 1253.000000 0.000003 0.000000 0.002720 163.038309
 1254.000000 0.000002 0.000000 0.003499 163.101650
 1255.000000 0.000000 0.000001 0.003202 163.077288
 1256.000000 0.000007 0.000001 0.000814 162.882226
 1257.000000 0.000000 0.000000 0.003655 163.114120
 1258.000000 0.000000 0.000000 0.002625 163.030297
 1259.000000 0.000000 0.000000 0.001807 162.963269
 1260.000000 0.000000 0.000001 0.003881 163.132464
 1261.000000 0.000000 0.000000 0.000286 162.837946
 1262.000000 0.000000 0.000000 0.003911 163.134869
 1263.000000 0.000000 0.000000 0.001182 162.911919
 1264.000000 0.000002 0.000000 0.000430 162.850012
 1265.000000 0.000000 0.000000 0.002918 163.054161
 1266.000000 0.000001 0.000000 0.002888 163.051789
 1267.000000 0.000006 0.000000 0.005691 163.279011
 1268.000000 0.000001 0.000000 0.000223 162.832812
 1269.000000 0.000000 0.000000 0.000012 162.815226
 1270.000000 0.000001 0.000000 0.000055 162.818870
 1271.000000 0.000038 0.000000 0.004117 163.155310
 1272.000000 0.000003 0.000000 0.001335 162.924776
 1273.000000 0.000031 0.000000 0.000132 162.828192
 1274.000000 0.000001 0.000000 0.000367 162.844663
 1275.000000 0.000001 0.000000 0.000030 162.816773
 1276.000000 0.000043 0.000000 0.000001 162.818427
 1277.000000 0.000006 0.000000 0.000023 162.816686
 1278.000000 0.000001 0.000000 0.000011 162.815230
 1279.000000 0.000003 0.000000 0.000001 162.814554
 1280.000000 0.000001 0.000000 0.000003 162.814596
 1281.000000 0.000000 0.000000 0.000002 162.814374
 1282.000000 0.000001 0.000000 0.000022 162.816107
 1283.000000 0.000000 0.000000 0.000004 162.814541
 1284.000000 0.000000 0.000000 0.000001 162.814309
 1285.000000 0.000001 0.000000 0.000013 162.815399
 1286.000000 0.000001 0.000000 0.000214 162.832052
 1287.000000 0.000000 0.000000 0.000006 162.814719
 1288.000000 0.000001 0.000000 0.000007 162.814940
 1289.000000 0.000000 0.000000 0.000005 162.814662
 1290.000000 0.000000 0.000000 0.000006 162.814733
 1291.000000 0.000000 0.000000 0.000060 162.819234
 1292.000000 0.000000 0.000000 0.000096 162.822192
