#! FIELDS time mat-1.sum mat-2.sum mat-3.sum
 0.000000 0.000057 0.000045 0.366097
 200.000000 0.000004 0.000316 0.023513
 400.000000 0.000009 0.000372 0.677860
 600.000000 0.000001 0.001229 0.033657
 800.000000 0.000003 0.000003 0.004587
 1000.000000 0.000002 0.000000 0.000002
 1200.000000 0.000003 0.000018 0.000744
 1400.000000 0.000007 0.000029 0.002384
 1600.000000 0.000021 0.000096 0.000021
 1800.000000 0.000021 0.000291 0.669840
 2000.000000 0.000000 0.000763 0.700510
 2200.000000 0.000000 0.000166 0.680173
 2400.000000 0.000024 0.000124 0.679551
 2600.000000 0.002143 0.002794 0.675021
 2800.000000 0.000026 0.000372 0.748014
 3000.000000 0.000778 0.000076 0.652359
 3200.000000 0.000348 0.003938 0.711920
 3400.000000 0.000208 0.000604 0.647660
 3600.000000 0.000157 0.001053 0.556465
 3800.000000 0.000065 0.000014 0.042129
 4000.000000 0.001504 0.000052 0.654203
 4200.000000 0.000031 0.000085 0.012079
 4400.000000 0.000001 0.000695 0.000011
 4600.000000 0.000005 0.000083 0.000781
 4800.000000 0.000001 0.000118 0.612629
 5000.000000 0.000000 0.002862 0.622828
 5200.000000 0.000001 0.000025 0.577611
 5400.000000 0.000000 0.000066 0.666714
 5600.000000 0.000000 0.002528 0.618186
 5800.000000 0.000000 0.000022 0.000000
 6000.000000 0.000001 0.000003 0.000000
 6200.000000 0.000000 0.000000 0.000002
 6400.000000 0.000001 0.000000 0.000000
 6600.000000 0.000005 0.000009 0.000000
 6800.000000 0.000009 0.000447 0.000000
 7000.000000 0.000001 0.000003 0.000000
 7200.000000 0.000001 0.000016 0.000092
 7400.000000 0.000002 0.000008 0.000000
 7600.000000 0.000001 0.000004 0.000005
 7800.000000 0.000001 0.000010 0.000042
 8000.000000 0.000000 0.000010 0.000123
 8200.000000 0.000001 0.000007 0.000000
 8400.000000 0.000001 0.000006 0.000000
 8600.000000 0.000007 0.000024 0.000043
 8800.000000 0.000002 0.000016 0.000000
 9000.000000 0.000000 0.000016 0.000000
 9200.000000 0.000006 0.000007 0.000000
 9400.000000 0.000002 0.000023 0.000000
 9600.000000 0.000002 0.000006 0.000000
 9800.000000 0.000001 0.000014 0.000000
 10000.000000 0.000009 0.000008 0.000000
 10200.000000 0.000002 0.000013 0.000000
 10400.000000 0.000003 0.000009 0.000005
 10600.000000 0.000009 0.000006 0.000000
 10800.000000 0.000005 0.000010 0.000000
 11000.000000 0.000006 0.000011 0.000000
 11200.000000 0.000001 0.000016 0.000000
 11400.000000 0.000004 0.000006 0.000000
 11600.000000 0.000004 0.000014 0.000000
 11800.000000 0.000003 0.000016 0.000000
 12000.000000 0.000000 0.000005 0.000000
 12200.000000 0.000002 0.000014 0.000001
 12400.000000 0.000002 0.000034 0.000000
 12600.000000 0.000002 0.000011 0.000000
 12800.000000 0.000001 0.000004 0.000000
 13000.000000 0.000006 0.000025 0.000000
 13200.000000 0.000002 0.000027 0.000000
 13400.000000 0.000002 0.000020 0.000001
 13600.000000 0.000001 0.000003 0.000002
 13800.000000 0.000002 0.000015 0.000000
 14000.000000 0.000037 0.000007 0.000000
 14200.000000 0.000028 0.000011 0.000000
 14400.000000 0.000001 0.000008 0.000000
 14600.000000 0.000001 0.000011 0.000000
 14800.000000 0.000027 0.000049 0.000000
 15000.000000 0.000001 0.000010 0.000000
 15200.000000 0.000000 0.000005 0.000000
 15400.000000 0.000002 0.000000 0.000002
 15600.000000 0.000000 0.000001 0.000000
 15800.000000 0.000001 0.000000 0.000004
 16000.000000 0.000000 0.000000 0.000001
 16200.000000 0.000019 0.000000 0.000001
 16400.000000 0.000008 0.000000 0.000001
 16600.000000 0.000022 0.000000 0.000001
 16800.000000 0.000001 0.000000 0.000001
 17000.000000 0.000000 0.000000 0.000002
 17200.000000 0.000000 0.000000 0.000004
 17400.000000 0.000001 0.000000 0.000001
 17600.000000 0.000000 0.000000 0.000002
 17800.000000 0.000000 0.000000 0.000003
 18000.000000 0.000000 0.000000 0.000002
 18200.000000 0.000000 0.000000 0.000004
 18400.000000 0.000000 0.000000 0.000000
 18600.000000 0.000000 0.000000 0.000001
 18800.000000 0.000000 0.000000 0.000001
 19000.000000 0.000000 0.000000 0.000000
 19200.000000 0.000005 0.000000 0.000085
 19400.000000 0.000000 0.000000 0.000001
 19600.000000 0.000000 0.000000 0.000034
 19800.000000 0.000000 0.000000 0.000001
 20000.000000 0.000000 0.000000 0.000001
 20200.000000 0.000005 0.000000 0.000000
 20400.000000 0.000006 0.000000 0.000002
 20600.000000 0.000002 0.000000 0.000012
 20800.000000 0.000000 0.000002 0.000002
 21000.000000 0.000000 0.000000 0.000008
 21200.000000 0.000010 0.000000 0.000001
 21400.000000 0.000004 0.000000 0.000004
 21600.000000 0.000000 0.000000 0.000001
 21800.000000 0.000001 0.000000 0.000005
 22000.000000 0.000000 0.000000 0.000001
 22200.000000 0.000019 0.000000 0.000001
 22400.000000 0.000017 0.000000 0.000006
 22600.000000 0.000000 0.000000 0.000001
 22800.000000 0.000011 0.000000 0.000003
 23000.000000 0.000000 0.000000 0.000003
 23200.000000 0.000000 0.000000 0.000001
 23400.000000 0.000000 0.000000 0.000002
 23600.000000 0.000000 0.000000 0.000009
 23800.000000 0.000001 0.000000 0.000002
 24000.000000 0.000012 0.000000 0.000016
 24200.000000 0.708091 0.000000 0.000003
 24400.000000 0.673859 0.000000 0.000017
 24600.000000 0.726970 0.000000 0.000090
 24800.000000 0.693845 0.000000 0.000015
 25000.000000 0.686810 0.000000 0.000001
 25200.000000 0.664503 0.000000 0.000002
 25400.000000 0.679455 0.000000 0.000001
 25600.000000 0.720225 0.000000 0.000010
 25800.000000 0.632150 0.000000 0.000026
 26000.000000 0.651925 0.000000 0.000004
 26200.000000 0.704850 0.000000 0.000009
 26400.000000 0.676615 0.000010 0.000001
 26600.000000 0.631597 0.000014 0.000005
 26800.000000 0.610240 0.000007 0.000000
 27000.000000 0.661633 0.000014 0.000001
 27200.000000 0.696334 0.000016 0.000007
 27400.000000 0.715878 0.000025 0.000003
 27600.000000 0.608436 0.000110 0.000009
 27800.000000 0.648943 0.000008 0.000002
 28000.000000 0.672531 0.000022 0.000000
 28200.000000 0.718876 0.000009 0.000002
 28400.000000 0.730199 0.000010 0.000000
 28600.000000 0.672968 0.000015 0.000000
 28800.000000 0.677495 0.000007 0.000000
 29000.000000 0.683959 0.000010 0.000000
 29200.000000 0.647571 0.000010 0.000000
 29400.000000 0.686270 0.000006 0.000001
 29600.000000 0.664267 0.000005 0.000000
 29800.000000 0.657884 0.000007 0.000000
 30000.000000 0.649492 0.000021 0.000000
 30200.000000 0.741624 0.000023 0.000000
 30400.000000 0.736843 0.000008 0.000000
 30600.000000 0.624798 0.000011 0.000000
 30800.000000 0.672284 0.000010 0.000000
 31000.000000 0.716360 0.000004 0.000000
 31200.000000 0.643034 0.000004 0.000000
 31400.000000 0.697009 0.000019 0.000000
 31600.000000 0.699482 0.000009 0.000001
 31800.000000 0.662673 0.000006 0.000000
 32000.000000 0.733454 0.000015 0.000000
 32200.000000 0.706533 0.000011 0.000000
 32400.000000 0.662858 0.000011 0.000000
 32600.000000 0.602604 0.000010 0.000000
 32800.000000 0.685815 0.000005 0.000000
 33000.000000 0.682460 0.000010 0.000001
 33200.000000 0.701053 0.000010 0.000000
 33400.000000 0.696151 0.000025 0.000000
 33600.000000 0.650220 0.000015 0.000000
 33800.000000 0.658102 0.000006 0.000000
 34000.000000 0.680305 0.000027 0.000000
 34200.000000 0.698053 0.000019 0.000000
 34400.000000 0.680295 0.000034 0.000000
 34600.000000 0.730761 0.000009 0.000000
 34800.000000 0.735355 0.000007 0.000000
 35000.000000 0.696980 0.000023 0.000000
 35200.000000 0.730327 0.000010 0.000000
 35400.000000 0.705766 0.000006 0.000000
 35600.000000 0.652710 0.000007 0.000000
 35800.000000 0.703730 0.000011 0.000000
 36000.000000 0.730651 0.000000 0.000005
 36200.000000 0.673603 0.000001 0.000004
 36400.000000 0.619364 0.000000 0.000002
 36600.000000 0.515509 0.000000 0.000001
 36800.000000 0.666593 0.000001 0.000000
 37000.000000 0.697580 0.000000 0.000000
 37200.000000 0.675713 0.000031 0.000000
 37400.000000 0.672242 0.000000 0.000000
 37600.000000 0.674723 0.000000 0.000000
 37800.000000 0.662820 0.000000 0.000002
 38000.000000 0.743206 0.000120 0.000000
 38200.000000 0.656603 0.000006 0.000000
 38400.000000 0.663108 0.000016 0.000000
 38600.000000 0.680839 0.000000 0.000004
 38800.000000 0.593220 0.000001 0.000001
 39000.000000 0.721564 0.000081 0.000000
 39200.000000 0.646322 0.000000 0.000000
 39400.000000 0.649674 0.000000 0.000000
 39600.000000 0.685754 0.000000 0.000000
 39800.000000 0.690314 0.000000 0.000160
 40000.000000 0.680220 0.000000 0.000001
 40200.000000 0.689045 0.000000 0.000002
 40400.000000 0.720693 0.000000 0.000001
 40600.000000 0.691033 0.000000 0.000002
 40800.000000 0.622996 0.000000 0.000003
 41000.000000 0.687321 0.000000 0.000001
 41200.000000 0.658695 0.000000 0.000002
 41400.000000 0.674836 0.000000 0.000002
 41600.000000 0.671028 0.000000 0.000005
 41800.000000 0.721082 0.000000 0.000024
 42000.000000 0.701553 0.000000 0.000001
 42200.000000 0.713346 0.000000 0.000001
 42400.000000 0.659842 0.000000 0.000001
 42600.000000 0.596587 0.000000 0.000002
 42800.000000 0.707285 0.000000 0.000002
 43000.000000 0.659070 0.000000 0.000001
 43200.000000 0.745566 0.000000 0.000003
 43400.000000 0.674177 0.000000 0.000071
 43600.000000 0.697329 0.000000 0.000001
 43800.000000 0.709158 0.000000 0.000017
 44000.000000 0.675985 0.000000 0.000001
 44200.000000 0.712901 0.000000 0.000001
 44400.000000 0.703345 0.000000 0.000001
 44600.000000 0.693993 0.000000 0.000002
 44800.000000 0.744271 0.000000 0.000002
 45000.000000 0.672864 0.000000 0.000008
 45200.000000 0.717148 0.000000 0.000000
 45400.000000 0.709419 0.000003 0.000001
 45600.000000 0.664023 0.000003 0.000000
 45800.000000 0.664449 0.000000 0.000000
 46000.000000 0.672927 0.000000 0.000000
 46200.000000 0.671696 0.000000 0.000000
 46400.000000 0.689838 0.000022 0.000000
 46600.000000 0.751705 0.000000 0.000000
 46800.000000 0.669483 0.000001 0.000000
 47000.000000 0.624720 0.000001 0.000000
 47200.000000 0.632045 0.000075 0.000000
 47400.000000 0.649622 0.000025 0.000000
 47600.000000 0.698370 0.000053 0.000000
 47800.000000 0.723337 0.000004 0.000000
 48000.000000 0.671408 0.000001 0.000000
 48200.000000 0.701797 0.000000 0.000000
 48400.000000 0.669706 0.000000 0.000000
 48600.000000 0.693720 0.000000 0.000000
 48800.000000 0.693085 0.000000 0.000000
 49000.000000 0.706801 0.000000 0.000000
 49200.000000 0.618935 0.000001 0.000000
 49400.000000 0.648717 0.000000 0.000000
 49600.000000 0.630554 0.000000 0.000000
 49800.000000 0.694095 0.000000 0.000001
 50000.000000 0.559258 0.000000 0.000001
 50200.000000 0.701870 0.000107 0.000000
 50400.000000 0.617501 0.000020 0.000000
 50600.000000 0.658967 0.000022 0.000000
 50800.000000 0.775910 0.000000 0.000000
 51000.000000 0.726707 0.000014 0.000000
 51200.000000 0.650412 0.000066 0.000001
 51400.000000 0.642911 0.000005 0.000016
 51600.000000 0.678044 0.000001 0.000020
 51800.000000 0.702255 0.000000 0.000002
 52000.000000 0.738854 0.000000 0.000000
 52200.000000 0.650711 0.000000 0.000001
 52400.000000 0.701858 0.000000 0.000002
 52600.000000 0.641895 0.000002 0.000023
 52800.000000 0.678472 0.000000 0.000003
 53000.000000 0.771665 0.000000 0.000004
 53200.000000 0.719176 0.000000 0.000000
 53400.000000 0.678562 0.000000 0.000016
 53600.000000 0.664134 0.000000 0.000001
 53800.000000 0.628722 0.000000 0.000004
 54000.000000 0.683192 0.000000 0.000001
 54200.000000 0.622002 0.000000 0.000047
 54400.000000 0.670026 0.000000 0.000001
 54600.000000 0.659293 0.000000 0.000001
 54800.000000 0.711173 0.000000 0.000009
 55000.000000 0.649735 0.000000 0.000066
 55200.000000 0.638874 0.000000 0.000005
 55400.000000 0.715117 0.000000 0.000006
 55600.000000 0.644415 0.000000 0.000010
 55800.000000 0.653491 0.000000 0.000001
 56000.000000 0.700276 0.000000 0.000014
 56200.000000 0.674443 0.000000 0.000387
 56400.000000 0.653257 0.000000 0.000028
 56600.000000 0.707360 0.000000 0.000005
 56800.000000 0.642847 0.000000 0.000016
 57000.000000 0.666113 0.000000 0.000011
 57200.000000 0.700982 0.000000 0.000002
 57400.000000 0.686632 0.000000 0.000001
 57600.000000 0.640898 0.000000 0.000004
 57800.000000 0.661433 0.000001 0.000001
 58000.000000 0.658630 0.000000 0.000003
 58200.000000 0.649399 0.000000 0.000002
 58400.000000 0.646229 0.000000 0.000001
 58600.000000 0.723770 0.000000 0.000006
 58800.000000 0.609886 0.000000 0.000001
 59000.000000 0.679519 0.000000 0.000022
 59200.000000 0.661205 0.000000 0.000114
 59400.000000 0.707188 0.000000 0.000006
 59600.000000 0.692854 0.000000 0.000001
 59800.000000 0.698098 0.000000 0.000000
 60000.000000 0.673788 0.000000 0.000002
 60200.000000 0.636271 0.000000 0.000002
 60400.000000 0.702764 0.000000 0.000000
 60600.000000 0.658878 0.000000 0.000001
 60800.000000 0.696090 0.000000 0.000013
 61000.000000 0.685972 0.000000 0.000003
 61200.000000 0.712178 0.000001 0.000000
 61400.000000 0.668541 0.000000 0.000005
 61600.000000 0.682236 0.000000 0.000000
 61800.000000 0.633786 0.000000 0.000000
 62000.000000 0.598404 0.000000 0.000001
 62200.000000 0.671822 0.000001 0.000003
 62400.000000 0.625143 0.000000 0.000000
 62600.000000 0.660027 0.000000 0.000003
 62800.000000 0.700487 0.000000 0.000001
 63000.000000 0.693212 0.000000 0.000001
 63200.000000 0.672804 0.000000 0.000001
 63400.000000 0.690683 0.000000 0.000001
 63600.000000 0.642103 0.000000 0.000001
 63800.000000 0.642914 0.000000 0.000007
 64000.000000 0.605389 0.000000 0.000008
 64200.000000 0.701462 0.000000 0.000002
 64400.000000 0.606643 0.000000 0.000003
 64600.000000 0.653569 0.000000 0.000219
 64800.000000 0.694647 0.000000 0.000005
 65000.000000 0.636316 0.000000 0.000000
 65200.000000 0.578884 0.000000 0.000001
 65400.000000 0.703018 0.000000 0.000003
 65600.000000 0.722450 0.000000 0.000001
 65800.000000 0.660081 0.000005 0.000000
 66000.000000 0.649971 0.000000 0.000001
 66200.000000 0.692508 0.000000 0.000001
 66400.000000 0.621155 0.000000 0.000005
 66600.000000 0.680208 0.000000 0.000028
 66800.000000 0.631568 0.000000 0.000002
 67000.000000 0.718143 0.000000 0.000002
 67200.000000 0.714990 0.000000 0.000010
 67400.000000 0.594116 0.000000 0.000006
 67600.000000 0.725014 0.000000 0.000007
 67800.000000 0.753666 0.000000 0.000001
 68000.000000 0.654891 0.000000 0.000001
 68200.000000 0.702920 0.000000 0.000000
 68400.000000 0.633659 0.000001 0.000000
 68600.000000 0.662105 0.000001 0.000000
 68800.000000 0.674033 0.000000 0.000000
 69000.000000 0.649370 0.000000 0.000000
 69200.000000 0.709637 0.000000 0.000007
 69400.000000 0.716425 0.000000 0.000001
 69600.000000 0.680253 0.000000 0.000001
 69800.000000 0.650834 0.000000 0.000001
 70000.000000 0.642018 0.000000 0.000002
 70200.000000 0.664695 0.000000 0.000001
 70400.000000 0.654396 0.000000 0.000000
 70600.000000 0.730128 0.000000 0.000000
 70800.000000 0.669788 0.000000 0.000839
 71000.000000 0.695027 0.000000 0.000001
 71200.000000 0.682176 0.000000 0.000013
 71400.000000 0.706124 0.000000 0.000029
 71600.000000 0.729761 0.000000 0.000133
 71800.000000 0.639472 0.000000 0.000002
 72000.000000 0.624837 0.000000 0.000001
 72200.000000 0.665958 0.000000 0.000015
 72400.000000 0.684655 0.000000 0.000002
 72600.000000 0.604669 0.000000 0.000005
 72800.000000 0.660633 0.000000 0.000001
 73000.000000 0.633908 0.000000 0.000003
 73200.000000 0.675838 0.000000 0.000003
 73400.000000 0.686308 0.000000 0.000002
 73600.000000 0.666861 0.000000 0.000005
 73800.000000 0.689677 0.000000 0.000024
 74000.000000 0.683809 0.000000 0.000011
 74200.000000 0.714713 0.000000 0.000013
 74400.000000 0.741530 0.000000 0.000047
 74600.000000 0.733220 0.000000 0.000066
 74800.000000 0.734699 0.000000 0.000004
 75000.000000 0.702322 0.000000 0.000112
 75200.000000 0.654728 0.000000 0.000000
 75400.000000 0.639369 0.000000 0.000000
 75600.000000 0.666933 0.000000 0.000002
 75800.000000 0.690199 0.000000 0.000017
 76000.000000 0.674972 0.000000 0.000001
 76200.000000 0.668173 0.000000 0.000003
 76400.000000 0.652208 0.000000 0.000000
 76600.000000 0.700033 0.000000 0.000000
 76800.000000 0.684216 0.000000 0.000003
 77000.000000 0.714868 0.000000 0.000000
 77200.000000 0.676090 0.000000 0.000001
 77400.000000 0.617298 0.000000 0.000002
 77600.000000 0.677100 0.000000 0.000001
 77800.000000 0.731866 0.000000 0.000112
 78000.000000 0.693359 0.000000 0.000002
 78200.000000 0.715757 0.000000 0.000006
 78400.000000 0.697049 0.000000 0.000009
 78600.000000 0.705483 0.000000 0.000004
 78800.000000 0.739617 0.000000 0.000002
 79000.000000 0.624734 0.000000 0.000025
 79200.000000 0.676685 0.000000 0.000001
 79400.000000 0.649806 0.000000 0.000010
 79600.000000 0.731251 0.000000 0.000008
 79800.000000 0.739152 0.000000 0.000032
 80000.000000 0.699839 0.000000 0.000006
 80200.000000 0.630680 0.000000 0.000000
 80400.000000 0.702257 0.000000 0.000001
 80600.000000 0.690387 0.000000 0.000000
 80800.000000 0.593632 0.000000 0.000000
 81000.000000 0.541404 0.000000 0.000000
 81200.000000 0.658729 0.000000 0.000002
 81400.000000 0.650679 0.000000 0.000004
 81600.000000 0.669910 0.000000 0.000001
 81800.000000 0.632618 0.000000 0.000000
 82000.000000 0.686304 0.000000 0.000000
 82200.000000 0.689246 0.000000 0.000001
 82400.000000 0.718197 0.000000 0.000013
 82600.000000 0.670565 0.000000 0.000057
 82800.000000 0.688045 0.000000 0.000006
 83000.000000 0.638029 0.000000 0.000027
 83200.000000 0.678264 0.000000 0.000001
 83400.000000 0.664643 0.000000 0.000001
 83600.000000 0.632597 0.000000 0.000004
 83800.000000 0.728253 0.000000 0.000000
 84000.000000 0.714242 0.000000 0.000001
 84200.000000 0.735002 0.000000 0.000000
 84400.000000 0.673864 0.000000 0.000004
 84600.000000 0.636746 0.000000 0.000024
 84800.000000 0.644209 0.000000 0.000078
 85000.000000 0.693629 0.000000 0.000007
 85200.000000 0.622972 0.000000 0.000035
 85400.000000 0.662674 0.000000 0.000000
 85600.000000 0.608043 0.000000 0.000003
 85800.000000 0.638109 0.000000 0.000002
 86000.000000 0.705880 0.000000 0.000001
 86200.000000 0.659574 0.000000 0.000001
 86400.000000 0.661254 0.000000 0.000000
 86600.000000 0.671609 0.000000 0.000014
 86800.000000 0.603329 0.000000 0.000004
 87000.000000 0.666416 0.000001 0.000004
 87200.000000 0.706229 0.000000 0.000002
 87400.000000 0.682989 0.000000 0.000001
 87600.000000 0.707739 0.000000 0.000026
 87800.000000 0.676537 0.000000 0.000000
 88000.000000 0.697432 0.000000 0.000042
 88200.000000 0.691828 0.000000 0.000025
 88400.000000 0.722332 0.000000 0.000005
 88600.000000 0.652927 0.000000 0.000004
 88800.000000 0.686067 0.000000 0.000001
 89000.000000 0.727160 0.000000 0.000001
 89200.000000 0.692672 0.000000 0.000000
 89400.000000 0.676929 0.000000 0.000001
 89600.000000 0.725989 0.000001 0.000000
 89800.000000 0.665753 0.000000 0.000000
 90000.000000 0.691208 0.000000 0.000002
 90200.000000 0.621251 0.000000 0.000006
 90400.000000 0.730901 0.000001 0.000001
 90600.000000 0.708207 0.000000 0.000000
 90800.000000 0.625948 0.000000 0.000001
 91000.000000 0.665021 0.000000 0.000053
 91200.000000 0.684757 0.000000 0.000001
 91400.000000 0.711080 0.000000 0.000106
 91600.000000 0.698611 0.000000 0.000009
 91800.000000 0.704694 0.000000 0.000005
 92000.000000 0.699068 0.000000 0.000001
 92200.000000 0.695172 0.000000 0.000000
 92400.000000 0.687531 0.000000 0.000001
 92600.000000 0.650157 0.000000 0.000001
 92800.000000 0.000082 0.000000 0.000002
 93000.000000 0.000020 0.000000 0.000002
 93200.000000 0.000010 0.000000 0.000001
 93400.000000 0.000003 0.000000 0.000047
 93600.000000 0.000274 0.000000 0.000008
 93800.000000 0.000221 0.000000 0.000190
 94000.000000 0.000347 0.000000 0.000105
 94200.000000 0.000161 0.000000 0.000073
 94400.000000 0.000027 0.000000 0.000154
 94600.000000 0.000115 0.000000 0.000165
 94800.000000 0.000015 0.000000 0.000002
 95000.000000 0.000003 0.000000 0.000005
 95200.000000 0.000001 0.000000 0.000014
 95400.000000 0.000001 0.000000 0.000004
 95600.000000 0.000000 0.000000 0.000002
 95800.000000 0.000044 0.000000 0.000180
 96000.000000 0.000002 0.000000 0.000015
 96200.000000 0.000019 0.000000 0.000031
 96400.000000 0.000005 0.000000 0.000002
 96600.000000 0.000007 0.000000 0.000000
 96800.000000 0.000035 0.000000 0.000002
 97000.000000 0.000037 0.000000 0.000003
 97200.000000 0.000000 0.000000 0.000000
 97400.000000 0.000000 0.000000 0.000001
 97600.000000 0.000062 0.000000 0.000001
 97800.000000 0.000260 0.000000 0.000001
 98000.000000 0.000009 0.000000 0.000001
 98200.000000 0.002850 0.000000 0.000007
 98400.000000 0.000078 0.000000 0.000002
 98600.000000 0.000026 0.000000 0.000030
 98800.000000 0.000000 0.000000 0.000001
 99000.000000 0.000000 0.000000 0.000025
 99200.000000 0.000000 0.000000 0.000014
 99400.000000 0.000000 0.000000 0.000014
 99600.000000 0.000000 0.000000 0.000139
 99800.000000 0.000000 0.000000 0.000371
 100000.000000 0.000000 0.000000 0.000009
#! FIELDS time mat-1.sum mat-2.sum mat-3.sum
 100000.000000 0.000000 0.000000 0.000009
 100200.000000 0.000000 0.000000 0.000174
 100400.000000 0.000000 0.000000 0.000007
 100600.000000 0.000000 0.000000 0.000020
 100800.000000 0.000002 0.000000 0.000011
 101000.000000 0.000000 0.000000 0.000075
 101200.000000 0.000000 0.000001 0.000424
 101400.000000 0.000007 0.000000 0.001195
 101600.000000 0.000000 0.000000 0.002643
 101800.000000 0.000000 0.000000 0.000404
 102000.000000 0.000000 0.000000 0.003780
 102200.000000 0.000000 0.000000 0.000304
 102400.000000 0.000000 0.000000 0.001134
 102600.000000 0.000000 0.000002 0.001669
 102800.000000 0.000001 0.000001 0.000165
 103000.000000 0.000000 0.000000 0.000656
 103200.000000 0.000001 0.000001 0.000362
 103400.000000 0.000000 0.000003 0.006751
 103600.000000 0.000000 0.000000 0.000072
 103800.000000 0.000000 0.000001 0.000357
 104000.000000 0.000000 0.000000 0.000051
 104200.000000 0.000000 0.000001 0.005619
 104400.000000 0.000000 0.000000 0.000049
 104600.000000 0.000000 0.000000 0.000257
 104800.000000 0.000000 0.000000 0.000333
 105000.000000 0.000000 0.000000 0.000312
 105200.000000 0.000000 0.000001 0.000033
 105400.000000 0.000000 0.000000 0.000140
 105600.000000 0.000000 0.000001 0.000056
 105800.000000 0.000000 0.000000 0.000292
 106000.000000 0.000000 0.000000 0.002404
 106200.000000 0.000000 0.000000 0.000934
 106400.000000 0.000000 0.000000 0.000334
 106600.000000 0.000001 0.000000 0.003082
 106800.000000 0.000001 0.000000 0.001043
 107000.000000 0.000000 0.000000 0.004305
 107200.000000 0.000000 0.000000 0.003332
 107400.000000 0.000000 0.000001 0.003495
 107600.000000 0.000000 0.000000 0.002756
 107800.000000 0.000000 0.000000 0.001944
 108000.000000 0.000001 0.000001 0.004594
 108200.000000 0.000000 0.000000 0.000435
 108400.000000 0.000001 0.000000 0.005415
 108600.000000 0.000000 0.000000 0.002897
 108800.000000 0.000005 0.000000 0.002711
 109000.000000 0.000000 0.000000 0.003666
 109200.000000 0.000001 0.000000 0.000223
 109400.000000 0.000000 0.000000 0.003141
 109600.000000 0.000000 0.000000 0.000083
 109800.000000 0.000001 0.000000 0.003501
 110000.000000 0.000000 0.000000 0.006233
 110200.000000 0.000000 0.000000 0.001808
 110400.000000 0.000003 0.000000 0.000667
 110600.000000 0.000000 0.000000 0.004745
 110800.000000 0.000000 0.000000 0.005789
 111000.000000 0.000001 0.000001 0.020220
 111200.000000 0.000001 0.000000 0.002212
 111400.000000 0.000000 0.000000 0.001309
 111600.000000 0.000000 0.000000 0.001962
 111800.000000 0.000000 0.000000 0.001931
 112000.000000 0.000000 0.000000 0.003826
 112200.000000 0.000001 0.000000 0.003418
 112400.000000 0.000000 0.000000 0.000200
 112600.000000 0.000003 0.000000 0.003963
 112800.000000 0.000000 0.000000 0.004090
 113000.000000 0.000000 0.000000 0.002771
 113200.000000 0.000001 0.000000 0.003347
 113400.000000 0.000001 0.000000 0.000724
 113600.000000 0.000001 0.000001 0.001199
 113800.000000 0.000001 0.000001 0.000867
 114000.000000 0.000000 0.000000 0.000092
 114200.000000 0.000003 0.000000 0.003431
 114400.000000 0.000000 0.000000 0.001623
 114600.000000 0.000001 0.000000 0.000199
 114800.000000 0.000081 0.000000 0.003040
 115000.000000 0.000001 0.000000 0.005230
 115200.000000 0.000000 0.000001 0.001896
 115400.000000 0.000000 0.000000 0.003128
 115600.000000 0.000000 0.000000 0.002867
 115800.000000 0.000000 0.000000 0.000013
 116000.000000 0.000000 0.000000 0.003202
 116200.000000 0.000000 0.000000 0.001202
 116400.000000 0.000000 0.000000 0.003347
 116600.000000 0.000001 0.000001 0.003237
 116800.000000 0.000001 0.000014 0.000025
 117000.000000 0.000000 0.000000 0.002680
 117200.000000 0.000000 0.000000 0.002689
 117400.000000 0.000000 0.000000 0.003540
 117600.000000 0.000001 0.000023 0.003749
 117800.000000 0.000005 0.000000 0.004866
 118000.000000 0.000000 0.000000 0.003730
 118200.000000 0.000000 0.000000 0.005664
 118400.000000 0.000000 0.000001 0.010054
 118600.000000 0.000004 0.000000 0.002915
 118800.000000 0.000001 0.000000 0.003450
 119000.000000 0.000003 0.000000 0.003739
 119200.000000 0.000000 0.000000 0.007029
 119400.000000 0.000001 0.000000 0.000502
 119600.000000 0.000001 0.000000 0.000283
 119800.000000 0.000015 0.000000 0.004535
 120000.000000 0.000000 0.000000 0.000121
 120200.000000 0.000001 0.000000 0.001065
 120400.000000 0.000000 0.000000 0.000002
 120600.000000 0.000000 0.000000 0.000022
 120800.000000 0.000000 0.000000 0.003507
 121000.000000 0.000000 0.000000 0.002546
 121200.000000 0.000000 0.000000 0.002143
 121400.000000 0.000000 0.000000 0.003429
 121600.000000 0.000000 0.000000 0.004277
 121800.000000 0.000001 0.000000 0.002858
 122000.000000 0.000001 0.000000 0.003501
 122200.000000 0.000001 0.000000 0.004708
 122400.000000 0.000000 0.000000 0.002821
 122600.000000 0.000001 0.000000 0.002348
 122800.000000 0.000000 0.000000 0.004978
 123000.000000 0.000000 0.000000 0.003282
 123200.000000 0.000000 0.000000 0.003196
 123400.000000 0.000001 0.000000 0.000668
 123600.000000 0.000000 0.000000 0.002564
 123800.000000 0.000000 0.000000 0.002780
 124000.000000 0.000000 0.000000 0.002798
 124200.000000 0.000000 0.000000 0.003704
 124400.000000 0.000001 0.000000 0.003277
 124600.000000 0.000000 0.000000 0.000002
 124800.000000 0.000000 0.000000 0.000006
 125000.000000 0.000000 0.000000 0.001996
 125200.000000 0.000000 0.000000 0.002805
 125400.000000 0.000000 0.000000 0.000348
 125600.000000 0.000000 0.000000 0.005204
 125800.000000 0.000000 0.000000 0.005620
 126000.000000 0.000001 0.000000 0.000475
 126200.000000 0.000000 0.000000 0.003018
 126400.000000 0.000000 0.000000 0.001579
 126600.000000 0.000000 0.000000 0.003962
 126800.000000 0.000000 0.000000 0.002937
 127000.000000 0.000000 0.000000 0.003150
 127200.000000 0.000000 0.000000 0.000718
 127400.000000 0.000000 0.000000 0.000093
 127600.000000 0.000001 0.000001 0.003877
 127800.000000 0.000001 0.000000 0.000957
 128000.000000 0.000000 0.000000 0.000087
 128200.000000 0.000000 0.000000 0.001144
 128400.000000 0.000000 0.000000 0.002881
 128600.000000 0.000000 0.000000 0.003992
 128800.000000 0.000000 0.000000 0.003141
 129000.000000 0.000000 0.000000 0.002613
 129200.000000 0.000000 0.000000 0.003749
 129400.000000 0.000000 0.000000 0.003847
 129600.000000 0.000000 0.000000 0.005519
 129800.000000 0.000001 0.000000 0.000185
 130000.000000 0.000449 0.000003 0.000077
 130200.000000 0.000000 0.000000 0.000336
 130400.000000 0.000001 0.000000 0.003316
 130600.000000 0.000000 0.000000 0.000151
 130800.000000 0.000000 0.000002 0.000049
 131000.000000 0.000000 0.000000 0.000288
 131200.000000 0.000000 0.000000 0.000051
 131400.000000 0.000000 0.000000 0.003556
 131600.000000 0.000000 0.000000 0.003298
 131800.000000 0.000000 0.000000 0.002933
 132000.000000 0.000000 0.000001 0.000028
 132200.000000 0.000000 0.000000 0.005840
 132400.000000 0.000008 0.000000 0.005176
 132600.000000 0.000000 0.000000 0.001186
 132800.000000 0.000010 0.000000 0.002229
 133000.000000 0.000201 0.000000 0.000218
 133200.000000 0.000003 0.000001 0.004380
 133400.000000 0.000001 0.000000 0.002980
 133600.000000 0.000039 0.000000 0.004072
 133800.000000 0.000000 0.000000 0.003874
 134000.000000 0.000000 0.000000 0.000095
 134200.000000 0.000003 0.000000 0.002872
 134400.000000 0.000000 0.000000 0.003703
 134600.000000 0.000000 0.000000 0.001166
 134800.000000 0.000000 0.000000 0.001493
 135000.000000 0.000000 0.000000 0.002854
 135200.000000 0.000000 0.000000 0.003595
 135400.000000 0.000000 0.000000 0.003071
 135600.000000 0.000003 0.000000 0.005323
 135800.000000 0.000000 0.000000 0.003709
 136000.000000 0.000000 0.000000 0.002635
 136200.000000 0.000000 0.000000 0.000195
 136400.000000 0.000000 0.000000 0.001105
 136600.000000 0.000000 0.000000 0.000082
 136800.000000 0.000000 0.000000 0.004068
 137000.000000 0.000002 0.000000 0.002644
 137200.000000 0.000000 0.000000 0.003899
 137400.000000 0.000000 0.000000 0.002202
 137600.000000 0.000000 0.000000 0.003169
 137800.000000 0.000000 0.000000 0.002246
 138000.000000 0.000000 0.000000 0.002061
 138200.000000 0.000000 0.000000 0.002447
 138400.000000 0.000000 0.000000 0.000798
 138600.000000 0.000000 0.000000 0.001985
 138800.000000 0.000000 0.000000 0.004431
 139000.000000 0.000000 0.000000 0.003013
 139200.000000 0.000000 0.000000 0.000007
 139400.000000 0.000000 0.000000 0.001997
 139600.000000 0.000000 0.000000 0.005121
 139800.000000 0.000000 0.000000 0.000932
 140000.000000 0.000000 0.000000 0.001338
 140200.000000 0.000000 0.000000 0.000112
 140400.000000 0.000008 0.000000 0.003674
 140600.000000 0.000000 0.000000 0.000390
 140800.000000 0.000000 0.000000 0.000435
 141000.000000 0.000000 0.000000 0.002905
 141200.000000 0.000000 0.000000 0.002401
 141400.000000 0.000000 0.000000 0.002652
 141600.000000 0.000000 0.000000 0.003067
 141800.000000 0.000006 0.000000 0.001028
 142000.000000 0.000004 0.000000 0.004454
 142200.000000 0.000001 0.000000 0.004307
 142400.000000 0.000001 0.000000 0.002370
 142600.000000 0.000001 0.000001 0.001443
 142800.000000 0.000002 0.000000 0.003603
 143000.000000 0.000003 0.000000 0.000743
 143200.000000 0.000005 0.000001 0.003539
 143400.000000 0.000000 0.000000 0.005005
 143600.000000 0.000000 0.000000 0.002684
 143800.000000 0.000000 0.000000 0.003070
 144000.000000 0.000000 0.000000 0.005464
 144200.000000 0.000000 0.000000 0.004391
 144400.000000 0.000000 0.000000 0.000001
 144600.000000 0.000001 0.000000 0.000001
 144800.000000 0.000001 0.000000 0.000005
 145000.000000 0.000002 0.000000 0.000001
 145200.000000 0.000000 0.000000 0.000133
 145400.000000 0.000001 0.000000 0.000003
 145600.000000 0.000000 0.000000 0.000002
 145800.000000 0.000005 0.000000 0.000047
 146000.000000 0.000000 0.000000 0.000001
 146200.000000 0.000000 0.000000 0.000000
 146400.000000 0.000000 0.000000 0.000002
 146600.000000 0.000000 0.000000 0.000045
 146800.000000 0.000000 0.000000 0.000147
 147000.000000 0.000000 0.000000 0.000001
 147200.000000 0.000000 0.000000 0.000013
 147400.000000 0.000000 0.000000 0.004774
 147600.000000 0.000000 0.000000 0.003561
 147800.000000 0.000000 0.000000 0.006244
 148000.000000 0.000000 0.000000 0.002593
 148200.000000 0.000000 0.000000 0.000171
 148400.000000 0.000000 0.000000 0.000040
 148600.000000 0.000000 0.000002 0.004077
 148800.000000 0.000000 0.000000 0.000136
 149000.000000 0.000000 0.000000 0.000130
 149200.000000 0.000000 0.000000 0.000111
 149400.000000 0.000000 0.000000 0.000363
 149600.000000 0.000000 0.000000 0.001564
 149800.000000 0.000073 0.000000 0.003438
 150000.000000 0.000094 0.000000 0.000021
 150200.000000 0.000000 0.000000 0.003992
 150400.000000 0.000000 0.000000 0.003582
 150600.000000 0.000012 0.000000 0.000877
 150800.000000 0.000000 0.000000 0.005776
 151000.000000 0.000000 0.000000 0.005548
 151200.000000 0.000000 0.000000 0.006505
 151400.000000 0.000000 0.000000 0.000459
 151600.000000 0.000000 0.000000 0.005930
 151800.000000 0.000000 0.000000 0.003381
 152000.000000 0.000000 0.000000 0.000354
 152200.000000 0.000000 0.000000 0.000247
 152400.000000 0.000000 0.000000 0.004153
 152600.000000 0.000000 0.000000 0.004229
 152800.000000 0.000000 0.000000 0.003631
 153000.000000 0.000000 0.000000 0.000354
 153200.000000 0.000000 0.000000 0.001016
 153400.000000 0.000000 0.000000 0.002511
 153600.000000 0.000000 0.000000 0.002233
 153800.000000 0.000000 0.000000 0.002023
 154000.000000 0.000000 0.000000 0.000685
 154200.000000 0.000000 0.000000 0.004503
 154400.000000 0.000000 0.000000 0.002287
 154600.000000 0.000000 0.000000 0.005260
 154800.000000 0.000000 0.000001 0.001324
 155000.000000 0.000000 0.000000 0.005559
 155200.000000 0.000000 0.000000 0.000630
 155400.000000 0.000000 0.000000 0.003470
 155600.000000 0.000000 0.000000 0.002418
 155800.000000 0.000000 0.000000 0.000022
 156000.000000 0.000000 0.000000 0.000041
 156200.000000 0.000000 0.000007 0.000003
 156400.000000 0.000000 0.000000 0.000005
 156600.000000 0.000000 0.000000 0.000001
 156800.000000 0.000000 0.000000 0.000017
 157000.000000 0.000000 0.000049 0.000014
 157200.000000 0.000000 0.000116 0.000001
 157400.000000 0.000000 0.000007 0.000017
 157600.000000 0.000000 0.000002 0.000001
 157800.000000 0.000000 0.000000 0.000000
 158000.000000 0.000000 0.000016 0.000001
 158200.000000 0.000000 0.000000 0.000000
 158400.000000 0.000000 0.000003 0.000002
 158600.000000 0.000000 0.000016 0.000001
 158800.000000 0.000000 0.000000 0.000001
 159000.000000 0.000000 0.000003 0.000005
 159200.000000 0.000003 0.000000 0.000000
 159400.000000 0.000002 0.000005 0.000007
 159600.000000 0.000000 0.000001 0.000063
 159800.000000 0.000000 0.000005 0.000001
 160000.000000 0.000003 0.000000 0.000008
 160200.000000 0.000000 0.000000 0.000001
 160400.000000 0.000000 0.000008 0.000013
 160600.000000 0.000000 0.000069 0.000004
 160800.000000 0.000000 0.000000 0.000002
 161000.000000 0.000000 0.000000 0.000000
 161200.000000 0.000000 0.000000 0.000000
 161400.000000 0.000000 0.000005 0.000000
 161600.000000 0.000000 0.000012 0.000001
 161800.000000 0.000000 0.000000 0.000000
 162000.000000 0.000000 0.000000 0.000001
 162200.000000 0.000000 0.000000 0.000004
 162400.000000 0.000000 0.000000 0.000000
 162600.000000 0.000000 0.000008 0.000008
 162800.000000 0.000000 0.000045 0.000003
 163000.000000 0.000000 0.000127 0.000003
 163200.000000 0.000000 0.000000 0.000000
 163400.000000 0.000000 0.000000 0.000000
 163600.000000 0.000000 0.000000 0.000000
 163800.000000 0.000000 0.000000 0.000000
 164000.000000 0.000000 0.000000 0.000000
 164200.000000 0.000000 0.000000 0.000000
 164400.000000 0.000000 0.000000 0.000000
 164600.000000 0.000000 0.000000 0.000001
 164800.000000 0.000000 0.000024 0.000001
 165000.000000 0.000000 0.000008 0.000001
 165200.000000 0.000000 0.000000 0.000000
 165400.000000 0.000000 0.000000 0.000000
 165600.000000 0.000000 0.000000 0.000000
 165800.000000 0.000000 0.000010 0.000004
 166000.000000 0.000000 0.000000 0.000001
 166200.000000 0.000008 0.000000 0.000000
 166400.000000 0.000005 0.000000 0.000000
 166600.000000 0.000000 0.000000 0.002870
 166800.000000 0.000033 0.000003 0.000403
 167000.000000 0.000001 0.000000 0.000001
 167200.000000 0.000006 0.000007 0.000042
 167400.000000 0.000001 0.000002 0.000002
 167600.000000 0.000000 0.000282 0.000000
 167800.000000 0.000001 0.000041 0.000000
 168000.000000 0.000000 0.000070 0.000000
 168200.000000 0.000001 0.000002 0.000001
 168400.000000 0.000000 0.000000 0.000000
 168600.000000 0.000000 0.000003 0.000000
 168800.000000 0.000000 0.000000 0.000001
 169000.000000 0.000000 0.000000 0.000020
 169200.000000 0.000000 0.000000 0.000352
 169400.000000 0.000000 0.000001 0.000747
 169600.000000 0.000000 0.000003 0.000470
 169800.000000 0.000000 0.000001 0.001047
 170000.000000 0.000000 0.000037 0.001378
 170200.000000 0.000000 0.000031 0.000168
 170400.000000 0.000000 0.000031 0.000035
 170600.000000 0.000000 0.000003 0.000004
 170800.000000 0.000000 0.000000 0.000599
 171000.000000 0.000000 0.000000 0.000199
 171200.000000 0.000000 0.000000 0.005470
 171400.000000 0.000001 0.000000 0.000002
 171600.000000 0.000000 0.000011 0.000001
 171800.000000 0.000000 0.000000 0.002553
 172000.000000 0.000000 0.000000 0.002743
 172200.000000 0.000000 0.000000 0.000028
 172400.000000 0.000000 0.000000 0.004406
 172600.000000 0.000000 0.000000 0.003574
 172800.000000 0.000000 0.000000 0.001017
 173000.000000 0.000000 0.000000 0.000073
 173200.000000 0.000000 0.000000 0.000238
 173400.000000 0.000000 0.000000 0.001253
 173600.000000 0.000000 0.000000 0.000008
 173800.000000 0.000000 0.000000 0.002791
 174000.000000 0.000000 0.000000 0.003016
 174200.000000 0.000001 0.000000 0.000597
 174400.000000 0.000000 0.000000 0.003874
 174600.000000 0.000000 0.000000 0.003579
 174800.000000 0.000000 0.000000 0.003325
 175000.000000 0.000000 0.000000 0.000133
 175200.000000 0.000000 0.000000 0.004994
 175400.000000 0.000000 0.000000 0.000099
 175600.000000 0.000000 0.000000 0.003669
 175800.000000 0.000000 0.000000 0.003336
 176000.000000 0.000000 0.000000 0.002562
 176200.000000 0.000000 0.000000 0.000693
 176400.000000 0.000000 0.000000 0.002802
 176600.000000 0.000000 0.000000 0.002709
 176800.000000 0.000000 0.000000 0.004548
 177000.000000 0.000000 0.000000 0.003619
 177200.000000 0.000000 0.000000 0.004062
 177400.000000 0.000000 0.000000 0.000938
 177600.000000 0.000000 0.000000 0.000029
 177800.000000 0.000000 0.000000 0.000011
 178000.000000 0.000000 0.000000 0.004099
 178200.000000 0.000000 0.000000 0.001363
 178400.000000 0.000000 0.000000 0.003192
 178600.000000 0.000000 0.000000 0.006584
 178800.000000 0.000000 0.000004 0.000094
 179000.000000 0.000002 0.000001 0.005482
 179200.000000 0.000000 0.000000 0.000057
 179400.000000 0.000000 0.000000 0.001672
 179600.000000 0.000000 0.000000 0.004072
 179800.000000 0.000000 0.000000 0.002902
 180000.000000 0.000000 0.000000 0.001536
 180200.000000 0.000001 0.000000 0.000038
 180400.000000 0.000017 0.000000 0.003371
 180600.000000 0.000006 0.000000 0.000135
 180800.000000 0.000002 0.000000 0.000701
 181000.000000 0.000001 0.000000 0.002468
 181200.000000 0.000000 0.000000 0.000628
 181400.000000 0.000000 0.000000 0.004293
 181600.000000 0.000000 0.000000 0.002267
 181800.000000 0.000000 0.000000 0.002860
 182000.000000 0.000000 0.000000 0.004075
 182200.000000 0.000000 0.000000 0.002854
 182400.000000 0.000000 0.000000 0.000888
 182600.000000 0.000000 0.000000 0.004894
 182800.000000 0.000000 0.000000 0.003793
 183000.000000 0.000000 0.000000 0.005377
 183200.000000 0.000009 0.000000 0.002593
 183400.000000 0.000003 0.000000 0.004910
 183600.000000 0.000003 0.000000 0.002597
 183800.000000 0.000001 0.000000 0.002668
 184000.000000 0.000003 0.000000 0.001097
 184200.000000 0.000100 0.000000 0.003433
 184400.000000 0.000106 0.000000 0.007722
 184600.000000 0.000001 0.000000 0.005002
 184800.000000 0.000002 0.000000 0.003101
 185000.000000 0.000000 0.000000 0.003367
 185200.000000 0.000000 0.000000 0.001999
 185400.000000 0.000000 0.000000 0.002972
 185600.000000 0.000000 0.000000 0.006854
 185800.000000 0.000000 0.000000 0.000059
 186000.000000 0.000000 0.000000 0.003691
 186200.000000 0.000000 0.000000 0.005448
 186400.000000 0.000000 0.000000 0.001863
 186600.000000 0.000000 0.000000 0.002784
 186800.000000 0.000000 0.000000 0.004712
 187000.000000 0.000001 0.000000 0.002382
 187200.000000 0.000000 0.000000 0.002629
 187400.000000 0.000001 0.000000 0.000903
 187600.000000 0.000001 0.000000 0.000588
 187800.000000 0.000000 0.000000 0.003312
 188000.000000 0.000000 0.000000 0.004282
 188200.000000 0.000002 0.000000 0.000988
 188400.000000 0.000000 0.000000 0.002190
 188600.000000 0.000000 0.000001 0.002862
 188800.000000 0.000001 0.000000 0.002739
 189000.000000 0.000001 0.000000 0.002332
 189200.000000 0.000002 0.000000 0.003960
 189400.000000 0.000004 0.000000 0.001919
 189600.000000 0.000002 0.000000 0.003174
 189800.000000 0.000002 0.000000 0.002759
 190000.000000 0.000002 0.000000 0.003630
 190200.000000 0.000004 0.000000 0.000706
 190400.000000 0.000009 0.000000 0.003689
 190600.000000 0.000000 0.000000 0.003908
 190800.000000 0.000000 0.000000 0.003538
 191000.000000 0.000000 0.000000 0.004045
 191200.000000 0.000000 0.000000 0.003364
 191400.000000 0.000001 0.000000 0.002826
 191600.000000 0.000000 0.000001 0.005326
 191800.000000 0.000001 0.000000 0.004079
 192000.000000 0.000000 0.000001 0.001318
 192200.000000 0.000000 0.000000 0.002137
 192400.000000 0.000029 0.000000 0.002629
 192600.000000 0.000013 0.000000 0.003770
 192800.000000 0.000002 0.000000 0.005401
 193000.000000 0.000001 0.000000 0.000728
 193200.000000 0.000001 0.000000 0.005041
 193400.000000 0.000000 0.000000 0.001691
 193600.000000 0.000000 0.000001 0.003607
 193800.000000 0.000000 0.000000 0.003789
 194000.000000 0.000000 0.000000 0.002971
 194200.000000 0.000000 0.000000 0.004559
 194400.000000 0.000002 0.000000 0.001093
 194600.000000 0.000001 0.000000 0.005145
 194800.000000 0.000000 0.000000 0.000232
 195000.000000 0.000001 0.000000 0.002722
 195200.000000 0.000001 0.000000 0.002595
 195400.000000 0.000001 0.000000 0.002165
 195600.000000 0.000005 0.000000 0.002569
 195800.000000 0.000005 0.000000 0.003681
 196000.000000 0.000001 0.000000 0.004416
 196200.000000 0.000003 0.000002 0.002198
 196400.000000 0.000004 0.000001 0.000306
 196600.000000 0.000004 0.000000 0.000184
 196800.000000 0.000002 0.000001 0.000330
 197000.000000 0.000002 0.000002 0.000149
 197200.000000 0.000005 0.000000 0.000023
 197400.000000 0.000003 0.000000 0.004158
 197600.000000 0.000003 0.000000 0.006078
 197800.000000 0.000006 0.000000 0.000073
 198000.000000 0.000008 0.000000 0.000566
 198200.000000 0.000001 0.000000 0.000091
 198400.000000 0.000005 0.000000 0.000416
 198600.000000 0.000002 0.000000 0.003411
 198800.000000 0.000003 0.000000 0.000984
 199000.000000 0.000001 0.000000 0.003188
 199200.000000 0.000009 0.000000 0.004086
 199400.000000 0.000009 0.000001 0.000033
 199600.000000 0.000001 0.000000 0.000004
 199800.000000 0.000004 0.000000 0.000093
 200000.000000 0.000003 0.000000 0.000429
#! FIELDS time mat-1.sum mat-2.sum mat-3.sum
 200000.000000 0.000003 0.000000 0.000429
 200200.000000 0.000003 0.000000 0.000071
 200400.000000 0.000003 0.000000 0.000092
 200600.000000 0.000015 0.000000 0.000709
 200800.000000 0.000002 0.000000 0.000706
 201000.000000 0.000004 0.000000 0.000181
 201200.000000 0.000027 0.000000 0.002445
 201400.000000 0.000000 0.000000 0.002318
 201600.000000 0.000003 0.000000 0.000560
 201800.000000 0.000002 0.000000 0.000553
 202000.000000 0.000004 0.000000 0.000085
 202200.000000 0.000005 0.000000 0.000706
 202400.000000 0.000001 0.000000 0.003494
 202600.000000 0.000009 0.000000 0.000266
 202800.000000 0.000003 0.000000 0.000902
 203000.000000 0.000015 0.000000 0.000009
 203200.000000 0.000004 0.000000 0.002952
 203400.000000 0.000004 0.000000 0.000788
 203600.000000 0.000008 0.000000 0.000268
 203800.000000 0.000003 0.000000 0.000296
 204000.000000 0.000003 0.000000 0.002077
 204200.000000 0.000003 0.000000 0.000024
 204400.000000 0.000001 0.000000 0.000026
 204600.000000 0.000004 0.000000 0.000038
 204800.000000 0.000009 0.000000 0.000071
 205000.000000 0.000006 0.000000 0.000483
 205200.000000 0.000002 0.000000 0.005199
 205400.000000 0.000002 0.000000 0.000006
 205600.000000 0.000002 0.000000 0.000121
 205800.000000 0.000003 0.000000 0.000016
 206000.000000 0.000003 0.000000 0.001216
 206200.000000 0.000006 0.000000 0.000009
 206400.000000 0.000006 0.000000 0.002631
 206600.000000 0.000002 0.000000 0.000322
 206800.000000 0.000001 0.000000 0.003406
 207000.000000 0.000011 0.000000 0.000069
 207200.000000 0.000001 0.000000 0.000876
 207400.000000 0.000002 0.000000 0.002299
 207600.000000 0.000008 0.000000 0.000263
 207800.000000 0.000010 0.000000 0.000303
 208000.000000 0.000002 0.000000 0.002278
 208200.000000 0.000013 0.000000 0.000107
 208400.000000 0.000002 0.000000 0.000861
 208600.000000 0.000004 0.000000 0.000022
 208800.000000 0.000010 0.000000 0.001868
 209000.000000 0.000006 0.000000 0.006485
 209200.000000 0.000003 0.000000 0.000246
 209400.000000 0.000002 0.000000 0.000015
 209600.000000 0.000008 0.000000 0.001967
 209800.000000 0.000006 0.000000 0.000161
 210000.000000 0.000004 0.000000 0.000036
 210200.000000 0.000009 0.000000 0.000027
 210400.000000 0.000002 0.000000 0.000344
 210600.000000 0.000003 0.000000 0.003243
 210800.000000 0.000004 0.000000 0.000249
 211000.000000 0.000012 0.000000 0.000014
 211200.000000 0.000004 0.000000 0.000199
 211400.000000 0.000015 0.000000 0.002500
 211600.000000 0.000002 0.000000 0.000062
 211800.000000 0.000010 0.000000 0.000043
 212000.000000 0.000002 0.000000 0.003115
 212200.000000 0.000004 0.000000 0.000307
 212400.000000 0.000004 0.000000 0.003522
 212600.000000 0.000001 0.000000 0.000018
 212800.000000 0.000004 0.000000 0.000043
 213000.000000 0.000012 0.000000 0.000096
 213200.000000 0.000002 0.000000 0.000086
 213400.000000 0.000007 0.000000 0.002380
 213600.000000 0.000005 0.000000 0.002025
 213800.000000 0.000001 0.000000 0.000142
 214000.000000 0.000012 0.000000 0.004620
 214200.000000 0.000002 0.000000 0.000223
 214400.000000 0.000001 0.000000 0.000012
 214600.000000 0.000002 0.000000 0.000024
 214800.000000 0.000002 0.000000 0.003543
 215000.000000 0.000002 0.000000 0.000112
 215200.000000 0.000004 0.000000 0.000046
 215400.000000 0.000009 0.000000 0.001821
 215600.000000 0.000001 0.000000 0.003427
 215800.000000 0.000002 0.000000 0.004991
 216000.000000 0.000003 0.000000 0.000481
 216200.000000 0.000002 0.000000 0.000063
 216400.000000 0.000004 0.000000 0.000011
 216600.000000 0.000002 0.000000 0.003968
 216800.000000 0.000007 0.000000 0.000102
 217000.000000 0.000001 0.000000 0.002362
 217200.000000 0.000002 0.000000 0.000834
 217400.000000 0.000002 0.000000 0.003646
 217600.000000 0.000000 0.000000 0.004021
 217800.000000 0.000000 0.000000 0.000455
 218000.000000 0.000001 0.000000 0.002870
 218200.000000 0.000001 0.000000 0.000019
 218400.000000 0.000000 0.000000 0.004393
 218600.000000 0.000003 0.000000 0.000003
 218800.000000 0.000000 0.000000 0.004000
 219000.000000 0.000000 0.000000 0.003129
 219200.000000 0.000001 0.000000 0.001672
 219400.000000 0.000000 0.000000 0.006110
 219600.000000 0.000001 0.000000 0.000235
 219800.000000 0.000001 0.000000 0.000423
 220000.000000 0.000000 0.000000 0.000012
 220200.000000 0.000000 0.000000 0.000008
 220400.000000 0.000000 0.000000 0.000563
 220600.000000 0.000000 0.000000 0.001427
 220800.000000 0.000001 0.000000 0.000453
 221000.000000 0.000001 0.000000 0.002962
 221200.000000 0.000000 0.000000 0.002075
 221400.000000 0.000000 0.000000 0.000011
 221600.000000 0.000000 0.000000 0.001587
 221800.000000 0.000000 0.000000 0.002834
 222000.000000 0.000000 0.000000 0.004049
 222200.000000 0.000000 0.000000 0.003481
 222400.000000 0.000000 0.000001 0.003896
 222600.000000 0.000000 0.000000 0.000010
 222800.000000 0.000001 0.000000 0.000149
 223000.000000 0.000000 0.000000 0.000859
 223200.000000 0.000050 0.000001 0.001332
 223400.000000 0.000001 0.000000 0.003086
 223600.000000 0.000000 0.000000 0.003049
 223800.000000 0.000002 0.000000 0.001377
 224000.000000 0.000002 0.000001 0.004611
 224200.000000 0.000004 0.000001 0.000211
 224400.000000 0.000003 0.000000 0.002926
 224600.000000 0.000000 0.000000 0.003238
 224800.000000 0.000001 0.000001 0.003867
 225000.000000 0.000000 0.000001 0.003618
 225200.000000 0.000001 0.000000 0.002357
 225400.000000 0.000002 0.000000 0.005760
 225600.000000 0.000002 0.000000 0.002353
 225800.000000 0.000001 0.000000 0.003301
 226000.000000 0.000000 0.000000 0.002643
 226200.000000 0.000001 0.000000 0.000361
 226400.000000 0.000001 0.000001 0.003784
 226600.000000 0.000000 0.000001 0.004768
 226800.000000 0.000000 0.000000 0.003195
 227000.000000 0.000006 0.000000 0.000410
 227200.000000 0.000003 0.000001 0.002109
 227400.000000 0.000005 0.000000 0.002529
 227600.000000 0.000003 0.000000 0.003113
 227800.000000 0.000042 0.000000 0.003815
 228000.000000 0.000006 0.000000 0.001497
 228200.000000 0.000001 0.000000 0.000016
 228400.000000 0.000001 0.000000 0.000037
 228600.000000 0.000002 0.000000 0.003776
 228800.000000 0.000001 0.000000 0.000011
 229000.000000 0.000030 0.000000 0.000025
 229200.000000 0.000001 0.000007 0.000072
 229400.000000 0.000001 0.000000 0.002838
 229600.000000 0.000002 0.000000 0.002150
 229800.000000 0.000000 0.000000 0.004425
 230000.000000 0.000001 0.000000 0.002445
 230200.000000 0.000001 0.000000 0.001592
 230400.000000 0.000002 0.000000 0.002827
 230600.000000 0.000001 0.000000 0.002401
 230800.000000 0.000003 0.000000 0.001718
 231000.000000 0.000002 0.000000 0.004637
 231200.000000 0.000006 0.000000 0.001087
 231400.000000 0.000007 0.000000 0.003770
 231600.000000 0.000002 0.000000 0.003696
 231800.000000 0.000001 0.000000 0.000160
 232000.000000 0.000001 0.000000 0.000319
 232200.000000 0.000002 0.000001 0.003895
 232400.000000 0.000001 0.000000 0.003092
 232600.000000 0.000000 0.000000 0.003854
 232800.000000 0.000004 0.000001 0.000962
 233000.000000 0.000002 0.000000 0.001130
 233200.000000 0.000003 0.000000 0.004080
 233400.000000 0.000109 0.000000 0.001113
 233600.000000 0.000000 0.000000 0.000856
 233800.000000 0.000000 0.000000 0.003832
 234000.000000 0.000006 0.000000 0.005489
 234200.000000 0.000000 0.000000 0.002360
 234400.000000 0.000000 0.000000 0.000368
 234600.000000 0.000003 0.000000 0.000074
 234800.000000 0.000002 0.000000 0.002002
 235000.000000 0.000000 0.000000 0.003765
 235200.000000 0.000001 0.000000 0.005292
 235400.000000 0.000002 0.000000 0.004198
 235600.000000 0.000001 0.000000 0.000015
 235800.000000 0.000004 0.000000 0.002670
 236000.000000 0.000007 0.000000 0.000750
 236200.000000 0.000000 0.000000 0.005622
 236400.000000 0.000000 0.000000 0.004179
 236600.000000 0.000000 0.000000 0.003420
 236800.000000 0.000009 0.000000 0.000613
 237000.000000 0.000001 0.000000 0.004765
 237200.000000 0.000022 0.000000 0.004949
 237400.000000 0.000000 0.000000 0.000141
 237600.000000 0.000000 0.000000 0.001630
 237800.000000 0.000000 0.000000 0.004724
 238000.000000 0.000000 0.000000 0.005098
 238200.000000 0.000000 0.000000 0.003982
 238400.000000 0.000000 0.000000 0.001030
 238600.000000 0.000000 0.000000 0.000056
 238800.000000 0.000000 0.000000 0.003645
 239000.000000 0.000000 0.000000 0.002136
 239200.000000 0.000000 0.000000 0.002910
 239400.000000 0.000000 0.000000 0.004716
 239600.000000 0.000000 0.000000 0.003505
 239800.000000 0.000000 0.000000 0.001541
 240000.000000 0.000000 0.000000 0.004333
 240200.000000 0.000000 0.000000 0.000015
 240400.000000 0.000000 0.000000 0.003816
 240600.000000 0.000000 0.000000 0.004401
 240800.000000 0.000000 0.000000 0.001960
 241000.000000 0.000000 0.000000 0.000128
 241200.000000 0.000000 0.000000 0.003684
 241400.000000 0.000000 0.000000 0.002784
 241600.000000 0.000000 0.000000 0.004321
 241800.000000 0.000000 0.000000 0.000527
 242000.000000 0.000000 0.000000 0.000003
 242200.000000 0.000000 0.000000 0.004352
 242400.000000 0.000000 0.000000 0.004879
 242600.000000 0.000000 0.000000 0.003467
 242800.000000 0.000000 0.000000 0.003744
 243000.000000 0.000000 0.000000 0.002499
 243200.000000 0.000000 0.000000 0.005307
 243400.000000 0.000000 0.000000 0.003677
 243600.000000 0.000001 0.000000 0.004389
 243800.000000 0.000000 0.000000 0.003883
 244000.000000 0.000000 0.000001 0.003408
 244200.000000 0.000000 0.000000 0.002643
 244400.000000 0.000000 0.000000 0.002727
 244600.000000 0.000000 0.000000 0.000534
 244800.000000 0.000000 0.000000 0.000286
 245000.000000 0.000000 0.000000 0.003644
 245200.000000 0.000000 0.000000 0.000626
 245400.000000 0.000000 0.000000 0.002616
 245600.000000 0.000000 0.000000 0.000117
 245800.000000 0.000000 0.000000 0.006177
 246000.000000 0.000000 0.000000 0.002275
 246200.000000 0.000003 0.000000 0.004160
 246400.000000 0.000002 0.000000 0.003344
 246600.000000 0.000001 0.000000 0.002106
 246800.000000 0.000005 0.000000 0.000501
 247000.000000 0.000001 0.000000 0.001419
 247200.000000 0.000002 0.000000 0.003426
 247400.000000 0.000002 0.000000 0.001483
 247600.000000 0.000000 0.000000 0.003183
 247800.000000 0.000000 0.000000 0.004328
 248000.000000 0.000000 0.000000 0.003268
 248200.000000 0.000000 0.000000 0.001699
 248400.000000 0.000000 0.000000 0.004089
 248600.000000 0.000002 0.000000 0.005711
 248800.000000 0.000000 0.000000 0.004527
 249000.000000 0.000005 0.000000 0.004241
 249200.000000 0.000000 0.000000 0.000131
 249400.000000 0.000001 0.000000 0.003328
 249600.000000 0.000001 0.000000 0.006929
 249800.000000 0.000002 0.000000 0.002969
 250000.000000 0.000001 0.000000 0.004405
 250200.000000 0.000001 0.000000 0.002950
 250400.000000 0.000001 0.000000 0.002897
 250600.000000 0.000003 0.000000 0.002683
 250800.000000 0.000002 0.000000 0.003505
 251000.000000 0.000000 0.000001 0.003211
 251200.000000 0.000007 0.000001 0.000820
 251400.000000 0.000000 0.000000 0.003659
 251600.000000 0.000000 0.000000 0.002632
 251800.000000 0.000000 0.000000 0.001818
 252000.000000 0.000000 0.000001 0.003864
 252200.000000 0.000000 0.000000 0.000283
 252400.000000 0.000000 0.000000 0.003915
 252600.000000 0.000000 0.000000 0.001167
 252800.000000 0.000002 0.000000 0.000419
 253000.000000 0.000000 0.000000 0.002927
 253200.000000 0.000001 0.000000 0.002867
 253400.000000 0.000006 0.000000 0.005722
 253600.000000 0.000001 0.000000 0.000229
 253800.000000 0.000000 0.000000 0.000012
 254000.000000 0.000001 0.000000 0.000055
 254200.000000 0.000038 0.000000 0.004118
 254400.000000 0.000003 0.000000 0.001322
 254600.000000 0.000031 0.000000 0.000128
 254800.000000 0.000001 0.000000 0.000370
 255000.000000 0.000001 0.000000 0.000031
 255200.000000 0.000043 0.000000 0.000001
 255400.000000 0.000006 0.000000 0.000023
 255600.000000 0.000001 0.000000 0.000011
 255800.000000 0.000003 0.000000 0.000001
 256000.000000 0.000001 0.000000 0.000003
 256200.000000 0.000000 0.000000 0.000002
 256400.000000 0.000001 0.000000 0.000022
 256600.000000 0.000000 0.000000 0.000004
 256800.000000 0.000000 0.000000 0.000001
 257000.000000 0.000001 0.000000 0.000013
 257200.000000 0.000001 0.000000 0.000216
 257400.000000 0.000000 0.000000 0.000006
 257600.000000 0.000001 0.000000 0.000007
 257800.000000 0.000000 0.000000 0.000005
 258000.000000 0.000000 0.000000 0.000006
 258200.000000 0.000000 0.000000 0.000061
 258400.000000 0.000000 0.000000 0.000093
