#! FIELDS time mat-1.sum mat-2.sum mat-3.sum
 0.000000 0.775626 0.988597 0.964810
 200.000000 0.110709 0.877388 0.974263
 400.000000 0.970562 0.983793 0.999761
 600.000000 0.999782 0.862976 0.999999
 800.000000 0.995106 0.027591 0.999907
 1000.000000 0.950174 0.991200 0.519992
 1200.000000 0.826374 0.902475 0.712316
 1400.000000 0.394554 0.941437 0.999998
 1600.000000 0.463062 0.980978 0.999886
 1800.000000 0.110550 0.957730 0.999604
 2000.000000 0.980315 0.999987 0.998652
 2200.000000 0.944429 0.999078 0.999889
 2400.000000 0.999828 0.978260 0.510876
 2600.000000 0.900071 0.942977 0.459571
 2800.000000 0.377831 0.998470 0.993919
 3000.000000 0.881533 0.915136 0.982889
 3200.000000 0.999462 0.970097 0.798136
 3400.000000 0.998723 0.998012 0.991515
 3600.000000 0.993936 0.948946 0.993506
 3800.000000 0.998705 0.945684 0.472794
 4000.000000 0.031517 0.999996 0.999998
 4200.000000 0.998017 0.853709 0.984186
 4400.000000 0.920168 0.491057 0.999205
 4600.000000 0.976311 0.914597 0.157179
 4800.000000 0.941598 0.996012 0.999996
 5000.000000 0.905183 0.914961 0.991316
 5200.000000 0.999269 0.359479 0.999143
 5400.000000 0.320514 0.947645 0.999526
 5600.000000 0.952004 0.675591 0.999311
 5800.000000 0.560521 0.682400 0.281496
 6000.000000 0.999886 0.951332 0.848241
 6200.000000 0.998598 0.999020 0.602708
 6400.000000 0.936731 0.991195 0.918542
 6600.000000 0.416355 0.925364 0.856456
 6800.000000 0.828770 0.973937 0.988751
 7000.000000 0.997783 0.997360 0.996984
 7200.000000 0.026365 0.997156 0.991241
 7400.000000 0.978516 0.749689 0.998727
 7600.000000 0.999915 0.999716 0.993069
 7800.000000 0.034164 0.938115 0.998894
 8000.000000 0.999428 0.954009 0.999997
 8200.000000 0.993129 0.708858 0.950179
 8400.000000 0.018844 0.999990 0.993069
 8600.000000 0.324627 0.795065 0.887917
 8800.000000 0.970802 0.998922 0.999997
 9000.000000 0.910200 0.267679 0.999997
 9200.000000 0.995864 0.999693 0.998828
 9400.000000 0.997600 0.645482 0.999999
 9600.000000 0.909368 0.989827 0.929328
 9800.000000 0.999847 0.386081 0.184867
 10000.000000 0.986530 0.977835 0.959961
 10200.000000 0.966129 0.613924 0.811002
 10400.000000 0.548852 0.997791 0.996288
 10600.000000 0.984334 0.956874 0.998925
 10800.000000 0.997527 0.291191 0.099395
 11000.000000 0.983022 0.990371 0.986208
 11200.000000 0.806421 0.991187 0.979970
 11400.000000 0.988793 0.997843 0.982293
 11600.000000 0.999962 0.989457 0.932742
 11800.000000 0.790649 0.962678 0.853973
 12000.000000 0.946547 0.769062 0.953478
 12200.000000 0.999252 0.948698 0.999847
 12400.000000 0.998326 0.937733 0.984416
 12600.000000 0.994312 0.999997 0.990078
 12800.000000 0.988222 0.799546 0.999997
 13000.000000 0.974852 0.997998 0.167106
 13200.000000 0.959946 0.999995 0.999976
 13400.000000 0.039910 0.999637 0.502025
 13600.000000 0.228496 0.687176 0.998883
 13800.000000 0.987645 0.989454 0.768237
 14000.000000 0.039848 0.704883 0.999754
 14200.000000 0.985199 0.990686 0.939355
 14400.000000 0.999998 0.855793 0.999988
 14600.000000 0.997008 0.993760 0.999982
 14800.000000 0.108602 0.998989 0.999620
 15000.000000 0.127267 0.996787 0.954819
 15200.000000 0.954540 0.976726 0.999040
 15400.000000 0.864836 0.999865 0.998461
 15600.000000 0.999316 0.924638 0.074118
 15800.000000 0.893702 0.632451 0.999992
 16000.000000 0.360746 0.998308 0.991082
 16200.000000 0.996695 0.714087 0.616765
 16400.000000 0.093583 0.990651 0.993720
 16600.000000 0.873503 0.998328 0.814438
 16800.000000 0.582220 0.804549 0.994772
 17000.000000 0.323464 0.984028 0.898395
 17200.000000 0.646504 0.918014 0.999389
 17400.000000 0.997501 0.996967 0.354786
 17600.000000 0.998916 0.864412 0.950578
 17800.000000 0.999964 0.951524 0.997531
 18000.000000 0.976573 0.999735 0.999996
 18200.000000 0.978189 0.999991 0.998457
 18400.000000 0.990819 0.980365 0.999998
 18600.000000 0.996470 0.985912 0.995140
 18800.000000 0.987212 0.999999 0.998318
 19000.000000 0.997975 0.968550 0.997929
 19200.000000 0.999113 0.999065 0.999301
 19400.000000 0.999687 0.980059 0.564510
 19600.000000 0.328415 0.999587 0.759500
 19800.000000 0.140299 0.746891 0.997947
 20000.000000 0.995082 0.969816 0.635828
 20200.000000 0.066873 0.988013 0.983170
 20400.000000 0.072933 0.998456 0.987144
 20600.000000 0.837690 0.987986 0.649653
 20800.000000 0.872951 0.998699 0.993601
 21000.000000 0.991787 0.998327 0.597944
 21200.000000 0.850486 0.990710 0.999964
 21400.000000 0.967439 0.784943 0.929753
 21600.000000 0.840101 0.983636 0.974368
 21800.000000 0.983027 0.976095 0.956604
 22000.000000 0.997950 0.808491 0.974779
 22200.000000 0.125431 0.076301 0.999999
 22400.000000 0.999745 0.999804 0.117596
 22600.000000 0.735371 0.863072 0.850212
 22800.000000 0.973508 0.992099 0.999996
 23000.000000 0.998983 0.998224 0.985799
 23200.000000 0.999837 0.784966 0.943990
 23400.000000 0.111749 0.994449 0.999919
 23600.000000 0.998600 0.717627 0.934274
 23800.000000 0.476189 0.913405 0.606474
 24000.000000 0.604666 0.994844 0.999998
 24200.000000 0.948123 0.371334 0.994252
 24400.000000 0.999999 0.994257 0.933202
 24600.000000 0.995957 0.999645 0.870081
 24800.000000 0.019666 0.999949 0.744273
 25000.000000 0.991235 0.973914 0.982711
 25200.000000 0.999243 0.998859 0.975816
 25400.000000 0.999783 0.999272 0.980464
 25600.000000 0.990761 0.988925 0.654753
 25800.000000 0.999159 0.984418 0.996302
 26000.000000 0.048930 0.917755 0.827953
 26200.000000 0.998800 0.999202 0.997541
 26400.000000 0.826477 0.916050 0.954304
 26600.000000 0.999997 0.905684 0.999194
 26800.000000 0.998405 0.999264 0.999999
 27000.000000 0.058272 0.831220 0.986352
 27200.000000 0.833496 0.284751 0.986115
 27400.000000 0.828065 0.978714 0.998532
 27600.000000 0.673712 0.188775 0.999981
 27800.000000 0.637937 0.999999 0.999760
 28000.000000 0.924232 0.927992 0.202360
 28200.000000 0.936244 0.998258 0.886047
 28400.000000 0.732806 0.998185 0.917635
 28600.000000 0.947948 0.855189 0.036288
 28800.000000 0.991744 0.996259 0.887725
 29000.000000 0.988853 0.997219 0.999948
 29200.000000 0.209876 0.984916 0.999666
 29400.000000 0.983427 0.974737 0.022820
 29600.000000 0.623629 0.312942 0.999998
 29800.000000 0.874539 0.744439 0.998747
 30000.000000 0.990844 0.819481 0.990789
 30200.000000 0.316214 0.815575 0.998434
 30400.000000 0.136514 0.999971 0.999609
 30600.000000 0.999760 0.991227 0.999568
 30800.000000 0.966433 0.823041 0.999958
 31000.000000 0.999954 0.974648 0.983214
 31200.000000 0.999681 0.037338 0.999698
 31400.000000 0.999613 0.932304 0.997861
 31600.000000 0.875648 0.983149 0.093990
 31800.000000 0.997334 0.964411 0.500563
 32000.000000 0.130917 0.031440 0.999999
 32200.000000 0.978807 0.928712 0.384898
 32400.000000 0.999866 0.930440 0.990338
 32600.000000 0.982602 0.999966 0.993514
 32800.000000 0.998274 0.931576 0.820649
 33000.000000 0.764418 0.989266 0.997889
 33200.000000 0.085278 0.999942 0.999768
 33400.000000 0.998332 0.858477 0.993050
 33600.000000 0.989542 0.999928 0.299805
 33800.000000 0.890999 0.991096 0.994364
 34000.000000 0.982671 0.998406 0.887391
 34200.000000 0.082700 0.749327 0.999999
 34400.000000 0.438739 0.975304 0.999982
 34600.000000 0.949964 0.984122 0.933012
 34800.000000 0.984856 0.950181 0.669019
 35000.000000 0.959862 0.568113 0.676669
 35200.000000 0.875052 0.809151 0.999976
 35400.000000 0.998620 0.991740 0.999935
 35600.000000 0.749600 0.869430 0.994005
 35800.000000 0.990249 0.730928 0.984569
 36000.000000 0.999895 0.967043 0.999823
 36200.000000 0.987757 0.979281 0.999484
 36400.000000 0.927653 0.978931 0.999999
 36600.000000 0.999343 0.472743 0.849680
 36800.000000 0.998015 0.992895 0.491531
 37000.000000 0.994225 0.888471 0.997856
 37200.000000 0.772823 0.921512 0.999998
 37400.000000 0.998098 0.959200 0.938588
 37600.000000 0.999666 0.940128 0.998348
 37800.000000 0.995543 0.999997 0.997844
 38000.000000 0.623203 0.797145 0.999972
 38200.000000 0.283892 0.925473 0.997721
 38400.000000 0.996749 0.999877 0.453583
 38600.000000 0.187674 0.143019 0.999876
 38800.000000 0.035950 0.892208 0.972516
 39000.000000 0.999797 0.999987 0.998958
 39200.000000 0.998215 0.760062 0.840844
 39400.000000 0.047192 0.989807 0.774355
 39600.000000 0.010979 0.795326 0.996355
 39800.000000 0.920674 0.998910 0.999662
 40000.000000 0.231951 0.999635 0.999999
 40200.000000 0.001741 0.999305 0.797793
 40400.000000 0.119191 0.998344 0.141151
 40600.000000 0.232762 0.998313 0.982711
 40800.000000 0.010955 0.911285 0.592414
 41000.000000 0.002087 0.595600 0.996568
 41200.000000 0.008241 0.054822 0.972396
 41400.000000 0.022701 0.266974 0.998737
 41600.000000 0.002909 0.999887 0.976200
 41800.000000 0.011303 0.101341 0.974126
 42000.000000 0.011328 0.973273 0.994110
 42200.000000 0.150240 0.957487 0.736927
 42400.000000 0.192205 0.996024 0.999849
 42600.000000 0.189362 0.998440 0.994323
 42800.000000 0.088989 0.045334 0.999942
 43000.000000 0.204105 0.242022 0.394845
 43200.000000 0.065664 0.138986 0.997667
 43400.000000 0.665691 0.540358 0.969843
 43600.000000 0.143618 0.007452 0.994712
 43800.000000 0.009931 0.030596 0.995827
 44000.000000 0.079227 0.981626 0.942039
 44200.000000 0.158610 0.998962 0.940574
 44400.000000 0.214136 0.861447 0.999918
 44600.000000 0.181684 0.964662 0.889727
 44800.000000 0.159495 0.949737 0.748938
 45000.000000 0.320561 0.989995 0.999989
 45200.000000 0.089732 0.022988 0.999998
 45400.000000 0.007089 0.699527 0.985960
 45600.000000 0.816054 0.954402 0.999926
 45800.000000 0.996444 0.936041 0.995859
 46000.000000 0.998720 0.833635 0.960057
 46200.000000 0.997190 0.998448 0.853874
 46400.000000 0.199718 0.996527 0.999999
 46600.000000 0.977194 0.995529 0.978935
 46800.000000 0.992610 0.999949 0.999055
 47000.000000 0.697086 0.776263 0.999999
 47200.000000 0.961486 0.914174 0.997173
 47400.000000 0.016753 0.990465 0.999963
 47600.000000 0.512376 0.972839 0.999574
 47800.000000 0.999983 0.945349 0.963316
 48000.000000 0.097795 0.998999 0.968244
 48200.000000 0.277653 0.901991 0.999999
 48400.000000 0.917716 0.937464 0.999922
 48600.000000 0.991720 0.989880 0.995809
 48800.000000 0.985013 0.992861 0.999419
 49000.000000 0.992965 0.993390 0.999375
 49200.000000 0.996586 0.994398 0.999999
 49400.000000 0.298677 0.984685 0.878191
 49600.000000 0.071719 0.964954 0.997209
 49800.000000 0.961979 0.990392 0.999570
 50000.000000 0.997005 0.965511 0.650551
 50200.000000 0.487148 0.707455 0.957871
 50400.000000 0.707218 0.985040 0.999375
 50600.000000 0.869668 0.825913 0.971524
 50800.000000 0.999928 0.992357 0.998307
 51000.000000 0.924195 0.979409 0.998120
 51200.000000 0.917973 0.039460 0.998746
 51400.000000 0.866774 0.945520 0.995466
 51600.000000 0.987673 0.766032 0.831533
 51800.000000 0.278092 0.976659 0.995813
 52000.000000 0.996045 0.950750 0.998537
 52200.000000 0.662286 0.999226 0.868280
 52400.000000 0.051143 0.999991 0.999476
 52600.000000 0.038385 0.076153 0.999917
 52800.000000 0.309923 0.999993 0.881342
 53000.000000 0.999801 0.350826 0.930008
 53200.000000 0.783063 0.965475 0.984020
 53400.000000 0.283856 0.967138 0.722556
 53600.000000 0.931276 0.987125 0.975764
 53800.000000 0.999559 0.954679 0.996436
 54000.000000 0.982528 0.700480 0.998816
 54200.000000 0.613038 0.999944 0.671635
 54400.000000 0.997472 0.903186 0.998654
 54600.000000 0.923497 0.743998 0.999988
 54800.000000 0.998256 0.958440 0.985271
 55000.000000 0.963704 0.983367 0.959438
 55200.000000 0.608568 0.822474 0.516479
 55400.000000 0.972586 0.996474 0.999355
 55600.000000 0.997354 0.999996 0.868086
 55800.000000 0.997761 0.995114 0.983742
 56000.000000 0.999997 0.616045 0.988240
 56200.000000 0.961479 0.999998 0.991934
 56400.000000 0.957281 0.991008 0.741582
 56600.000000 0.220546 0.020248 0.973508
 56800.000000 0.561544 0.883429 0.990929
 57000.000000 0.999868 0.995603 0.989981
 57200.000000 0.998677 0.998025 0.900234
 57400.000000 0.953940 0.999493 0.996022
 57600.000000 0.999964 0.912284 0.942463
 57800.000000 0.999988 0.999716 0.227072
 58000.000000 0.082949 0.764236 0.980906
 58200.000000 0.158558 0.988799 0.919515
 58400.000000 0.986323 0.972115 0.999701
 58600.000000 0.771385 0.992443 0.411605
 58800.000000 0.944314 0.859325 0.992050
 59000.000000 0.836263 0.994374 0.996640
 59200.000000 0.986335 0.985262 0.389539
 59400.000000 0.963751 0.939880 0.986136
 59600.000000 0.999960 0.894053 0.994436
 59800.000000 0.997047 0.623128 0.001408
 60000.000000 0.999996 0.974640 0.999989
 60200.000000 0.752487 0.991901 0.016472
 60400.000000 0.067693 0.905981 0.836341
 60600.000000 0.463843 0.999993 0.434596
 60800.000000 0.827998 0.999998 0.990386
 61000.000000 0.999205 0.993150 0.795478
 61200.000000 0.105759 0.163667 0.955963
 61400.000000 0.999993 0.993984 0.489293
 61600.000000 0.641510 0.999959 0.999201
 61800.000000 0.999993 0.999921 0.888292
 62000.000000 0.993473 0.878430 0.999999
 62200.000000 0.948136 0.138840 0.999886
 62400.000000 0.998986 0.995343 0.915245
 62600.000000 0.999660 0.956780 0.997873
 62800.000000 0.999998 0.791502 0.036947
 63000.000000 0.743264 0.966061 0.999975
 63200.000000 0.126645 0.998076 0.758150
 63400.000000 0.548929 0.997825 0.925551
 63600.000000 0.553327 0.996745 0.922029
 63800.000000 0.937222 0.978591 0.987608
 64000.000000 0.999872 0.989808 0.988412
 64200.000000 0.989662 0.947054 0.962322
 64400.000000 0.165444 0.968087 0.997872
 64600.000000 0.997122 0.962507 0.907800
 64800.000000 0.928307 0.985162 0.998560
 65000.000000 0.261829 0.996849 0.999999
 65200.000000 0.108775 0.995506 0.889611
 65400.000000 0.980074 0.986238 0.999999
 65600.000000 0.980760 0.999621 0.721308
 65800.000000 0.818727 0.979980 0.871298
 66000.000000 0.924378 0.999994 0.936656
 66200.000000 0.999998 0.891853 0.938395
 66400.000000 0.988165 0.902000 0.999908
 66600.000000 0.120360 0.963628 0.944736
 66800.000000 0.972331 0.999893 0.992428
 67000.000000 0.237667 0.965058 0.985422
 67200.000000 0.561573 0.501361 0.993062
 67400.000000 0.109644 0.999646 0.935145
 67600.000000 0.999764 0.999996 0.998018
 67800.000000 0.893352 0.999193 0.432625
 68000.000000 0.944960 0.998172 0.991781
 68200.000000 0.995794 0.954281 0.999855
 68400.000000 0.944774 0.270212 0.999856
 68600.000000 0.115638 0.999864 0.999912
 68800.000000 0.061594 0.999987 0.041083
 69000.000000 0.999114 0.291758 0.999453
 69200.000000 0.996022 0.992320 0.998797
 69400.000000 0.999287 0.997409 0.999993
 69600.000000 0.995943 0.881737 0.998522
 69800.000000 0.286522 0.946244 0.999684
 70000.000000 0.961981 0.999678 0.999756
 70200.000000 0.999989 0.999949 0.997918
 70400.000000 0.273802 0.969968 0.999504
 70600.000000 0.999530 0.453853 0.998136
 70800.000000 0.057869 0.613389 0.891266
 71000.000000 0.995922 0.994663 0.990738
 71200.000000 0.937844 0.967546 0.993860
 71400.000000 0.050944 0.999987 0.976425
 71600.000000 0.998124 0.999995 0.941378
 71800.000000 0.104957 0.998501 0.999334
 72000.000000 0.058810 0.951398 0.999238
 72200.000000 0.007630 0.937380 0.999720
 72400.000000 0.009125 0.865494 0.999129
 72600.000000 0.998323 0.689788 0.949742
 72800.000000 0.739866 0.775250 0.956534
 73000.000000 0.025950 0.985452 0.999421
 73200.000000 0.012612 0.792460 0.999853
 73400.000000 0.032628 0.966715 0.999997
 73600.000000 0.055845 0.999900 0.991996
 73800.000000 0.026958 0.976173 0.999999
 74000.000000 0.491885 0.767701 0.792551
 74200.000000 0.998832 0.835229 0.999999
 74400.000000 0.024371 0.781255 0.999987
 74600.000000 0.493964 0.888033 0.484106
 74800.000000 0.166268 0.932032 0.996848
 75000.000000 0.020450 0.915742 0.990992
 75200.000000 0.039676 0.024484 0.711409
 75400.000000 0.010891 0.987087 0.999974
 75600.000000 0.033795 0.981365 0.992079
 75800.000000 0.025059 0.616174 0.999998
 76000.000000 0.002870 0.983494 0.999442
 76200.000000 0.074334 0.935707 0.999472
 76400.000000 0.960968 0.090654 0.984116
 76600.000000 0.930425 0.818064 0.974467
 76800.000000 0.148720 0.999908 0.999637
 77000.000000 0.734208 0.106977 0.999588
 77200.000000 0.666553 0.460305 0.852445
 77400.000000 0.021857 0.916492 0.985192
 77600.000000 0.737644 0.999697 0.987523
 77800.000000 0.975835 0.603423 0.999997
 78000.000000 0.888322 0.999107 0.999960
 78200.000000 0.276375 0.748861 0.999673
 78400.000000 0.095215 0.999948 0.998881
 78600.000000 0.013357 0.993273 0.969740
 78800.000000 0.423050 0.904165 0.703860
 79000.000000 0.867570 0.471156 0.999998
 79200.000000 0.068535 0.999976 0.999966
 79400.000000 0.997353 0.611362 0.893235
 79600.000000 0.999913 0.773659 0.996088
 79800.000000 0.999780 0.997675 0.989973
 80000.000000 0.869065 0.985840 0.999838
 80200.000000 0.742833 0.845526 0.974838
 80400.000000 0.087596 0.998997 0.999302
 80600.000000 0.626571 0.547319 0.995425
 80800.000000 0.997325 0.999957 0.999999
 81000.000000 0.960307 0.015243 0.979578
 81200.000000 0.110571 0.981287 0.999996
 81400.000000 0.412297 0.833407 0.999543
 81600.000000 0.391482 0.997381 0.999367
 81800.000000 0.997511 0.498005 0.980005
 82000.000000 0.983683 0.998551 0.999922
 82200.000000 0.995458 0.999999 0.964283
 82400.000000 0.360501 0.979209 0.981283
 82600.000000 0.628729 0.952377 0.999581
 82800.000000 0.994382 0.769189 0.988851
 83000.000000 0.866261 0.995635 0.791442
 83200.000000 0.997934 0.999944 0.964103
 83400.000000 0.999657 0.996983 0.995742
 83600.000000 0.234691 0.928048 0.999999
 83800.000000 0.365486 0.999996 0.992327
 84000.000000 0.629785 0.677014 0.999996
 84200.000000 0.999413 0.733789 0.992686
 84400.000000 0.082494 0.822729 0.966668
 84600.000000 0.006030 0.421350 0.999999
 84800.000000 0.990184 0.967038 0.997897
 85000.000000 0.092210 0.981445 0.999307
 85200.000000 0.399081 0.998764 0.999841
 85400.000000 0.104183 0.006339 0.994711
 85600.000000 0.421601 0.999988 0.999361
 85800.000000 0.114570 0.194622 0.991440
 86000.000000 0.397786 0.841671 0.793032
 86200.000000 0.045304 0.896409 0.761467
 86400.000000 0.069445 0.624689 0.998900
 86600.000000 0.087521 0.990027 0.987604
 86800.000000 0.063435 0.996491 0.994465
 87000.000000 0.148068 0.319114 0.999311
 87200.000000 0.158971 0.996776 0.662390
 87400.000000 0.088356 0.060598 0.998320
 87600.000000 0.118437 0.755315 0.372077
 87800.000000 0.090596 0.937443 0.993903
 88000.000000 0.417523 0.572681 0.999687
 88200.000000 0.038176 0.031052 0.999997
 88400.000000 0.036083 0.305939 0.998951
 88600.000000 0.092582 0.999980 0.060603
 88800.000000 0.134055 0.986112 0.992514
 89000.000000 0.980617 0.769363 0.961905
 89200.000000 0.980596 0.031028 0.999850
 89400.000000 0.996131 0.996034 0.994825
 89600.000000 0.999768 0.999807 0.998637
 89800.000000 0.996846 0.995312 0.728027
 90000.000000 0.652122 0.996997 0.987560
 90200.000000 0.957109 0.995418 0.981903
 90400.000000 0.986812 0.955698 0.999491
 90600.000000 0.664050 0.969588 0.981140
 90800.000000 0.993576 0.998887 0.997024
 91000.000000 0.999756 0.808186 0.959907
 91200.000000 0.999377 0.996944 0.988028
 91400.000000 0.113956 0.819237 0.964817
 91600.000000 0.964757 0.995399 0.999999
 91800.000000 0.999570 0.985187 0.999997
 92000.000000 0.197848 0.999889 0.948239
 92200.000000 0.988728 0.999597 0.347761
 92400.000000 0.449609 0.970663 0.999300
 92600.000000 0.997465 0.999689 0.997067
 92800.000000 0.964646 0.985039 0.999899
 93000.000000 0.991771 0.248444 0.999775
 93200.000000 0.999949 0.266894 0.999998
 93400.000000 0.878925 0.137035 0.999998
 93600.000000 0.276066 0.946805 0.982890
 93800.000000 0.999727 0.832491 0.999639
 94000.000000 0.006101 0.606260 0.999847
 94200.000000 0.992190 0.991654 0.574731
 94400.000000 0.836237 0.996088 0.999916
 94600.000000 0.883913 0.995542 0.999996
 94800.000000 0.996882 0.999988 0.999998
 95000.000000 0.848604 0.896865 0.999998
 95200.000000 0.779246 0.995498 0.947162
 95400.000000 0.999232 0.993687 0.999999
 95600.000000 0.994020 0.998653 0.074192
 95800.000000 0.995985 0.909332 0.969483
 96000.000000 0.990438 0.949821 0.999914
 96200.000000 0.997792 0.994130 0.999999
 96400.000000 0.118478 0.549690 0.974090
 96600.000000 0.999688 0.999738 0.550973
 96800.000000 0.820003 0.945236 0.999982
 97000.000000 0.248511 0.996075 0.799251
 97200.000000 0.648821 0.984252 0.996898
 97400.000000 0.293239 0.996917 0.026313
 97600.000000 0.428974 0.995765 0.947153
 97800.000000 0.431867 0.945798 0.994563
 98000.000000 0.999963 0.996020 0.999233
 98200.000000 0.999910 0.976725 0.753126
 98400.000000 0.555570 0.993389 0.999752
 98600.000000 0.096362 0.154566 0.999630
 98800.000000 0.372106 0.994152 0.921296
 99000.000000 0.237238 0.994294 0.223824
 99200.000000 0.831815 0.999190 0.986918
 99400.000000 0.999987 0.974387 0.998895
 99600.000000 0.089201 0.979915 0.964189
 99800.000000 0.996747 0.678130 0.997334
 100000.000000 0.988517 0.154857 0.892826
#! FIELDS time mat-1.sum mat-2.sum mat-3.sum
 100000.000000 0.988517 0.154857 0.892826
 100200.000000 0.234340 0.996138 0.619886
 100400.000000 0.622773 0.999382 0.020555
 100600.000000 0.423867 0.842758 0.921511
 100800.000000 0.836264 0.825276 0.997354
 101000.000000 0.966733 0.926057 0.769375
 101200.000000 0.999486 0.913449 0.999999
 101400.000000 0.999587 0.999786 0.996353
 101600.000000 0.998712 0.807479 0.509875
 101800.000000 0.726465 0.713629 0.873022
 102000.000000 0.016670 0.999896 0.148559
 102200.000000 0.555697 0.896482 0.000341
 102400.000000 0.002763 0.998856 0.011214
 102600.000000 0.028849 0.994503 0.000911
 102800.000000 0.128274 0.996873 0.001153
 103000.000000 0.996623 0.983378 0.000583
 103200.000000 0.020821 0.980765 0.000417
 103400.000000 0.009153 0.998071 0.000128
 103600.000000 0.394993 0.262198 0.000516
 103800.000000 0.894435 0.998380 0.017714
 104000.000000 0.053735 0.983715 0.001206
 104200.000000 0.089968 0.999475 0.021769
 104400.000000 0.006868 0.446645 0.006901
 104600.000000 0.002206 0.992477 0.227839
 104800.000000 0.003248 0.892053 0.000605
 105000.000000 0.049105 0.920871 0.000662
 105200.000000 0.003076 0.999963 0.000916
 105400.000000 0.012871 0.998234 0.002361
 105600.000000 0.001825 0.169541 0.000932
 105800.000000 0.038931 0.995350 0.000303
 106000.000000 0.002432 0.997271 0.044497
 106200.000000 0.000991 0.966813 0.006593
 106400.000000 0.000410 0.998049 0.017738
 106600.000000 0.000613 0.999996 0.025829
 106800.000000 0.000524 0.998388 0.016590
 107000.000000 0.000339 0.950175 0.013297
 107200.000000 0.000266 0.986589 0.004622
 107400.000000 0.000857 0.858316 0.626083
 107600.000000 0.000231 0.993387 0.023710
 107800.000000 0.000187 0.998732 0.027477
 108000.000000 0.004255 0.992861 0.018680
 108200.000000 0.000570 0.999999 0.023711
 108400.000000 0.001694 0.999933 0.002474
 108600.000000 0.000823 0.998989 0.006797
 108800.000000 0.037831 0.998688 0.000722
 109000.000000 0.001549 0.999881 0.000654
 109200.000000 0.004741 0.999973 0.005876
 109400.000000 0.002266 0.964246 0.005723
 109600.000000 0.005959 0.993540 0.974169
 109800.000000 0.007088 0.999999 0.307770
 110000.000000 0.003562 0.939133 0.880215
 110200.000000 0.000494 0.999984 0.905409
 110400.000000 0.001822 0.999998 0.147939
 110600.000000 0.056936 0.989291 0.070632
 110800.000000 0.001347 0.982749 0.016779
 111000.000000 0.001168 0.999920 0.989443
 111200.000000 0.000750 0.977540 0.002999
 111400.000000 0.036481 0.998775 0.023453
 111600.000000 0.020420 0.926292 0.979965
 111800.000000 0.000695 0.998946 0.008772
 112000.000000 0.001651 0.209061 0.792180
 112200.000000 0.000996 0.961706 0.745177
 112400.000000 0.001819 0.999818 0.005808
 112600.000000 0.003584 0.583276 0.989837
 112800.000000 0.000329 0.963239 0.146362
 113000.000000 0.013373 0.998307 0.012551
 113200.000000 0.008894 0.996401 0.152267
 113400.000000 0.001351 0.987853 0.325528
 113600.000000 0.007494 0.999997 0.004035
 113800.000000 0.040109 0.993650 0.878852
 114000.000000 0.045204 0.999436 0.803868
 114200.000000 0.020159 0.999828 0.000548
 114400.000000 0.071918 0.863630 0.000228
 114600.000000 0.062769 0.996963 0.001767
 114800.000000 0.013472 0.999721 0.001039
 115000.000000 0.020664 0.922696 0.001603
 115200.000000 0.188696 0.999999 0.002304
 115400.000000 0.004570 0.958315 0.000171
 115600.000000 0.364628 0.992981 0.000608
 115800.000000 0.004480 0.730267 0.000338
 116000.000000 0.031609 0.999649 0.000279
 116200.000000 0.019994 0.999524 0.000187
 116400.000000 0.102946 0.960831 0.000751
 116600.000000 0.033723 0.990235 0.000183
 116800.000000 0.112998 0.998019 0.000346
 117000.000000 0.003655 0.851698 0.000715
 117200.000000 0.002207 0.956185 0.000065
 117400.000000 0.000728 0.822876 0.000842
 117600.000000 0.007904 0.999373 0.000487
 117800.000000 0.004998 0.963371 0.000130
 118000.000000 0.001060 0.999124 0.000487
 118200.000000 0.000968 0.830793 0.000421
 118400.000000 0.002294 0.087420 0.000333
 118600.000000 0.008415 0.998043 0.001510
 118800.000000 0.004996 0.857858 0.000228
 119000.000000 0.000585 0.935840 0.000815
 119200.000000 0.001638 0.297837 0.000094
 119400.000000 0.000965 0.998660 0.000542
 119600.000000 0.009078 0.828902 0.000276
 119800.000000 0.006625 0.979565 0.000371
 120000.000000 0.000579 0.999124 0.000368
 120200.000000 0.002760 0.998081 0.000604
 120400.000000 0.005444 0.995831 0.000320
 120600.000000 0.019032 0.999752 0.000106
 120800.000000 0.002886 0.996731 0.000830
 121000.000000 0.197601 0.999365 0.000223
 121200.000000 0.276606 0.999826 0.000664
 121400.000000 0.024617 0.956871 0.001174
 121600.000000 0.921315 0.999373 0.002142
 121800.000000 0.905936 0.999997 0.018767
 122000.000000 0.629039 0.999624 0.085011
 122200.000000 0.006020 0.998314 0.004577
 122400.000000 0.007334 0.999714 0.447147
 122600.000000 0.056705 0.998962 0.001008
 122800.000000 0.223134 0.999998 0.000333
 123000.000000 0.938703 0.999998 0.000599
 123200.000000 0.056912 0.994852 0.000859
 123400.000000 0.012461 0.999997 0.000660
 123600.000000 0.119894 0.999976 0.001139
 123800.000000 0.002517 0.997833 0.000115
 124000.000000 0.001938 0.571637 0.000044
 124200.000000 0.210668 0.361859 0.000741
 124400.000000 0.385046 0.750220 0.000494
 124600.000000 0.168543 0.843484 0.000669
 124800.000000 0.784873 0.999929 0.001849
 125000.000000 0.900318 0.986362 0.000359
 125200.000000 0.000710 0.881982 0.000729
 125400.000000 0.006468 0.709836 0.002898
 125600.000000 0.030390 0.671617 0.000053
 125800.000000 0.012355 0.970119 0.364861
 126000.000000 0.540041 0.999958 0.014193
 126200.000000 0.017143 0.976666 0.978666
 126400.000000 0.674395 0.974745 0.050365
 126600.000000 0.012709 0.999998 0.900508
 126800.000000 0.396916 0.506589 0.721986
 127000.000000 0.997914 0.999096 0.189927
 127200.000000 0.671495 0.891937 0.908626
 127400.000000 0.616055 0.915358 0.042050
 127600.000000 0.103957 0.999998 0.980545
 127800.000000 0.017088 0.941004 0.986297
 128000.000000 0.010158 0.998589 0.868182
 128200.000000 0.010900 0.999102 0.432141
 128400.000000 0.001622 0.975835 0.060088
 128600.000000 0.002669 0.995674 0.922739
 128800.000000 0.006798 0.075815 0.792681
 129000.000000 0.044536 0.999901 0.002154
 129200.000000 0.167261 0.999967 0.776972
 129400.000000 0.000900 0.996928 0.869352
 129600.000000 0.004273 0.999864 0.003613
 129800.000000 0.001767 0.999456 0.320358
 130000.000000 0.000432 0.999971 0.005864
 130200.000000 0.000997 0.911779 0.884974
 130400.000000 0.000286 0.977254 0.000689
 130600.000000 0.002131 0.991702 0.018300
 130800.000000 0.000470 0.997172 0.122938
 131000.000000 0.001226 0.859307 0.985919
 131200.000000 0.004259 0.992713 0.016807
 131400.000000 0.004433 0.999998 0.625767
 131600.000000 0.006090 0.991576 0.871220
 131800.000000 0.013985 0.995361 0.907570
 132000.000000 0.002028 0.775835 0.980841
 132200.000000 0.001688 0.995212 0.061103
 132400.000000 0.003910 0.985937 0.771998
 132600.000000 0.004543 0.987558 0.003471
 132800.000000 0.001287 0.997825 0.005601
 133000.000000 0.006371 0.871222 0.032200
 133200.000000 0.005113 0.999969 0.071412
 133400.000000 0.002208 0.999203 0.316734
 133600.000000 0.113244 0.991323 0.987916
 133800.000000 0.008564 0.823822 0.940948
 134000.000000 0.007158 0.999991 0.211213
 134200.000000 0.032895 0.999898 0.336721
 134400.000000 0.002876 0.964367 0.489687
 134600.000000 0.003874 0.997328 0.899064
 134800.000000 0.028431 0.999169 0.049933
 135000.000000 0.010060 0.935792 0.782803
 135200.000000 0.011398 0.999805 0.659986
 135400.000000 0.019804 0.975813 0.826449
 135600.000000 0.008964 0.999872 0.915184
 135800.000000 0.000731 0.978250 0.000203
 136000.000000 0.001112 0.999999 0.000940
 136200.000000 0.172722 0.976305 0.000123
 136400.000000 0.004274 0.358203 0.003581
 136600.000000 0.623043 0.997530 0.108093
 136800.000000 0.011605 0.999614 0.950539
 137000.000000 0.110311 0.999974 0.039467
 137200.000000 0.926161 0.996951 0.010445
 137400.000000 0.132206 0.910562 0.000460
 137600.000000 0.069722 0.875897 0.287681
 137800.000000 0.930787 0.999999 0.000085
 138000.000000 0.782032 0.999948 0.000304
 138200.000000 0.006895 0.661494 0.001420
 138400.000000 0.888002 0.999523 0.001416
 138600.000000 0.052368 0.990354 0.001855
 138800.000000 0.181626 0.999998 0.000333
 139000.000000 0.682565 0.998720 0.000658
 139200.000000 0.032912 0.999477 0.001572
 139400.000000 0.000727 0.999331 0.002005
 139600.000000 0.002127 0.961492 0.000440
 139800.000000 0.000818 0.981297 0.002236
 140000.000000 0.001130 0.999999 0.000292
 140200.000000 0.001052 0.999272 0.000784
 140400.000000 0.001024 0.997747 0.000093
 140600.000000 0.009113 0.920043 0.001386
 140800.000000 0.004331 0.994233 0.000690
 141000.000000 0.007010 0.998400 0.000211
 141200.000000 0.000635 0.633093 0.004252
 141400.000000 0.001427 0.941520 0.000992
 141600.000000 0.002291 0.708271 0.002641
 141800.000000 0.002001 0.999776 0.000392
 142000.000000 0.012249 0.999973 0.002152
 142200.000000 0.003790 0.997932 0.000134
 142400.000000 0.000341 0.990990 0.000673
 142600.000000 0.002628 0.500261 0.001184
 142800.000000 0.001344 0.998399 0.001271
 143000.000000 0.000198 0.990446 0.000635
 143200.000000 0.020192 0.452312 0.000349
 143400.000000 0.007758 0.983150 0.000228
 143600.000000 0.051093 0.839826 0.000439
 143800.000000 0.001616 0.973594 0.000421
 144000.000000 0.000655 0.849960 0.001276
 144200.000000 0.983568 0.996771 0.003031
 144400.000000 0.006112 0.985939 0.000255
 144600.000000 0.043616 0.996130 0.003794
 144800.000000 0.023985 0.999999 0.000340
 145000.000000 0.002893 0.890986 0.001040
 145200.000000 0.008969 0.980308 0.001489
 145400.000000 0.034395 0.997612 0.000328
 145600.000000 0.013868 0.993808 0.000182
 145800.000000 0.274458 0.999977 0.000277
 146000.000000 0.035327 0.999944 0.000837
 146200.000000 0.611647 0.952529 0.000735
 146400.000000 0.052481 0.989014 0.000757
 146600.000000 0.553391 0.328836 0.001113
 146800.000000 0.003946 0.914929 0.000957
 147000.000000 0.007077 0.990395 0.000586
 147200.000000 0.013376 0.985595 0.001004
 147400.000000 0.139193 0.132056 0.000237
 147600.000000 0.007844 0.999990 0.000596
 147800.000000 0.193622 0.999945 0.000230
 148000.000000 0.805548 0.990397 0.000340
 148200.000000 0.183748 0.999491 0.000349
 148400.000000 0.249529 0.999997 0.002109
 148600.000000 0.313459 0.977554 0.000444
 148800.000000 0.479265 0.832267 0.000404
 149000.000000 0.011436 0.918294 0.000133
 149200.000000 0.001933 0.796713 0.000670
 149400.000000 0.021087 0.999214 0.000993
 149600.000000 0.005890 0.750258 0.004747
 149800.000000 0.019147 0.141027 0.000562
 150000.000000 0.028809 0.998298 0.000873
 150200.000000 0.123899 0.988414 0.000234
 150400.000000 0.001763 0.220350 0.000143
 150600.000000 0.006191 0.972226 0.000330
 150800.000000 0.082872 0.998613 0.000169
 151000.000000 0.003375 0.999423 0.000194
 151200.000000 0.059877 0.994475 0.001201
 151400.000000 0.011599 0.999984 0.000205
 151600.000000 0.277951 0.993703 0.000815
 151800.000000 0.006540 0.789289 0.000269
 152000.000000 0.051756 0.920362 0.000509
 152200.000000 0.044848 0.985226 0.001512
 152400.000000 0.005290 0.999999 0.001109
 152600.000000 0.011675 0.988976 0.000539
 152800.000000 0.301801 0.999918 0.000594
 153000.000000 0.895314 0.989377 0.000519
 153200.000000 0.257095 0.959004 0.000182
 153400.000000 0.196198 0.990618 0.002412
 153600.000000 0.428295 0.264484 0.000280
 153800.000000 0.005680 0.990181 0.000937
 154000.000000 0.015131 0.999913 0.000533
 154200.000000 0.009317 0.999944 0.000363
 154400.000000 0.000525 0.995709 0.367759
 154600.000000 0.000775 0.982985 0.222680
 154800.000000 0.003209 0.997884 0.421476
 155000.000000 0.005952 0.966418 0.629546
 155200.000000 0.001866 0.999972 0.915614
 155400.000000 0.000981 0.994194 0.135889
 155600.000000 0.000611 0.999945 0.380700
 155800.000000 0.000718 0.999807 0.064033
 156000.000000 0.002068 0.837855 0.968779
 156200.000000 0.491142 0.999051 0.337905
 156400.000000 0.007445 0.998958 0.133083
 156600.000000 0.002660 0.887691 0.000738
 156800.000000 0.001062 0.935261 0.000507
 157000.000000 0.003615 0.765641 0.000460
 157200.000000 0.002828 0.999995 0.000171
 157400.000000 0.001660 0.931094 0.000086
 157600.000000 0.007685 0.991313 0.000218
 157800.000000 0.005888 0.954580 0.000274
 158000.000000 0.007231 0.998419 0.000344
 158200.000000 0.010380 0.998193 0.000788
 158400.000000 0.001559 0.999933 0.000578
 158600.000000 0.001701 0.991473 0.000286
 158800.000000 0.138167 0.983239 0.000942
 159000.000000 0.007589 0.999908 0.636219
 159200.000000 0.025983 0.837277 0.199634
 159400.000000 0.019987 0.991530 0.000880
 159600.000000 0.394173 0.990257 0.002959
 159800.000000 0.938306 0.992329 0.000227
 160000.000000 0.286369 0.994175 0.000293
 160200.000000 0.021295 0.992506 0.001087
 160400.000000 0.192442 0.999315 0.000186
 160600.000000 0.151659 0.996502 0.000846
 160800.000000 0.124738 0.996846 0.000302
 161000.000000 0.057382 0.310502 0.022327
 161200.000000 0.921502 0.994458 0.000419
 161400.000000 0.001313 0.970716 0.000869
 161600.000000 0.009521 0.999596 0.000593
 161800.000000 0.012938 0.993532 0.040183
 162000.000000 0.002997 0.992068 0.001968
 162200.000000 0.044718 0.999999 0.001263
 162400.000000 0.021794 0.914053 0.000398
 162600.000000 0.008182 0.999999 0.000072
 162800.000000 0.056752 0.492051 0.000218
 163000.000000 0.142904 0.999505 0.001731
 163200.000000 0.042845 0.996548 0.000272
 163400.000000 0.808262 0.982247 0.000179
 163600.000000 0.100317 0.998787 0.023124
 163800.000000 0.023793 0.998850 0.000214
 164000.000000 0.511085 0.634289 0.000162
 164200.000000 0.138313 0.999967 0.000091
 164400.000000 0.003676 0.999796 0.002602
 164600.000000 0.005805 0.997033 0.000130
 164800.000000 0.939192 0.999862 0.000332
 165000.000000 0.000763 0.175490 0.000080
 165200.000000 0.001081 0.138618 0.001062
 165400.000000 0.000172 0.660123 0.000078
 165600.000000 0.000120 0.993092 0.000048
 165800.000000 0.000490 0.999982 0.000035
 166000.000000 0.000441 0.999873 0.000119
 166200.000000 0.000226 0.999773 0.000070
 166400.000000 0.000739 0.994649 0.000211
 166600.000000 0.001451 0.999989 0.000059
 166800.000000 0.000725 0.998554 0.000211
 167000.000000 0.000511 0.995347 0.000029
 167200.000000 0.000280 0.999648 0.000033
 167400.000000 0.000436 0.999562 0.000030
 167600.000000 0.000428 0.971523 0.000263
 167800.000000 0.000654 0.990183 0.000373
 168000.000000 0.000656 0.998406 0.000412
 168200.000000 0.593387 0.948262 0.000210
 168400.000000 0.000695 0.901569 0.000607
 168600.000000 0.002514 0.998068 0.000834
 168800.000000 0.004888 0.996535 0.000518
 169000.000000 0.020235 0.968661 0.001206
 169200.000000 0.003026 0.985656 0.000339
 169400.000000 0.003279 0.982584 0.001416
 169600.000000 0.001181 0.999187 0.000373
 169800.000000 0.001102 0.680903 0.001339
 170000.000000 0.001258 0.999913 0.000125
 170200.000000 0.001065 0.914664 0.000197
 170400.000000 0.203722 0.971566 0.000828
 170600.000000 0.298211 0.999842 0.000418
 170800.000000 0.017805 0.977275 0.000841
 171000.000000 0.091472 0.831552 0.000652
 171200.000000 0.010071 0.976711 0.000294
 171400.000000 0.008603 0.932283 0.000231
 171600.000000 0.007077 0.997587 0.000353
 171800.000000 0.886506 0.989349 0.000461
 172000.000000 0.086503 0.993576 0.000423
 172200.000000 0.376125 0.732708 0.001250
 172400.000000 0.033657 0.999998 0.000518
 172600.000000 0.029342 0.999999 0.002027
 172800.000000 0.061012 0.999705 0.000616
 173000.000000 0.018971 0.999987 0.934545
 173200.000000 0.181816 0.999978 0.004726
 173400.000000 0.022348 0.998234 0.992137
 173600.000000 0.006614 0.996759 0.000748
 173800.000000 0.177802 0.997720 0.002640
 174000.000000 0.008483 0.026388 0.921147
 174200.000000 0.012545 0.999910 0.023880
 174400.000000 0.904310 0.990820 0.006470
 174600.000000 0.814213 0.991675 0.000827
 174800.000000 0.061653 0.526015 0.991005
 175000.000000 0.159756 0.997725 0.010682
 175200.000000 0.015296 0.969518 0.984547
 175400.000000 0.079255 0.999504 0.020189
 175600.000000 0.013881 0.999069 0.391839
 175800.000000 0.018899 0.991004 0.295992
 176000.000000 0.012810 0.874363 0.001881
 176200.000000 0.241316 0.999353 0.355235
 176400.000000 0.000780 0.486075 0.819464
 176600.000000 0.011152 0.992367 0.010060
 176800.000000 0.458701 0.911997 0.991204
 177000.000000 0.024507 0.676166 0.878612
 177200.000000 0.258178 0.998827 0.093814
 177400.000000 0.146212 0.999750 0.002644
 177600.000000 0.006334 0.998724 0.984044
 177800.000000 0.539644 0.949225 0.167148
 178000.000000 0.242204 0.951590 0.990382
 178200.000000 0.006511 0.998813 0.025171
 178400.000000 0.197914 0.953333 0.994099
 178600.000000 0.002435 0.821287 0.227069
 178800.000000 0.003276 0.999339 0.203010
 179000.000000 0.015380 0.999938 0.993959
 179200.000000 0.020116 0.667572 0.126833
 179400.000000 0.003084 0.999520 0.006509
 179600.000000 0.262332 0.997839 0.993919
 179800.000000 0.209338 0.995634 0.042319
 180000.000000 0.123801 0.999364 0.850123
 180200.000000 0.011010 0.996222 0.128900
 180400.000000 0.005848 0.663453 0.989310
 180600.000000 0.017643 0.999976 0.991824
 180800.000000 0.011111 0.944523 0.112030
 181000.000000 0.090050 0.999853 0.322518
 181200.000000 0.488472 0.999070 0.117515
 181400.000000 0.138231 0.978187 0.004193
 181600.000000 0.006901 0.992911 0.311675
 181800.000000 0.617120 0.701156 0.898847
 182000.000000 0.034048 0.307059 0.006569
 182200.000000 0.001635 0.995964 0.000600
 182400.000000 0.013000 0.999848 0.000242
 182600.000000 0.008583 0.996276 0.000321
 182800.000000 0.798401 0.918059 0.001189
 183000.000000 0.024170 0.565271 0.000285
 183200.000000 0.357819 0.094302 0.000230
 183400.000000 0.183831 0.992058 0.000607
 183600.000000 0.047650 0.957139 0.000092
 183800.000000 0.195091 0.764892 0.000454
 184000.000000 0.104662 0.828897 0.000561
 184200.000000 0.075709 0.999943 0.003770
 184400.000000 0.005999 0.999615 0.001010
 184600.000000 0.000401 0.999082 0.001715
 184800.000000 0.001059 0.432284 0.000719
 185000.000000 0.214011 0.981869 0.000834
 185200.000000 0.070317 0.999910 0.002061
 185400.000000 0.491712 0.995807 0.000817
 185600.000000 0.313747 0.999695 0.000167
 185800.000000 0.007330 0.944683 0.000527
 186000.000000 0.023551 0.999972 0.000440
 186200.000000 0.076965 0.986070 0.001407
 186400.000000 0.183250 0.999977 0.000598
 186600.000000 0.045766 0.999935 0.000937
 186800.000000 0.982470 0.999567 0.000438
 187000.000000 0.005556 0.999352 0.000569
 187200.000000 0.089589 0.999999 0.000186
 187400.000000 0.052199 0.999998 0.000507
 187600.000000 0.036410 0.953667 0.000999
 187800.000000 0.004935 0.999935 0.000566
 188000.000000 0.017298 0.895428 0.000067
 188200.000000 0.000623 0.816213 0.000167
 188400.000000 0.002340 0.999787 0.000104
 188600.000000 0.000987 0.995942 0.000694
 188800.000000 0.016834 0.983837 0.000088
 189000.000000 0.017701 0.998001 0.000481
 189200.000000 0.000480 0.999674 0.000609
 189400.000000 0.000416 0.979250 0.000610
 189600.000000 0.000288 0.881882 0.001647
 189800.000000 0.124353 0.974019 0.000193
 190000.000000 0.004780 0.991743 0.000653
 190200.000000 0.287395 0.999999 0.000670
 190400.000000 0.012401 0.998244 0.011396
 190600.000000 0.014978 0.542398 0.000285
 190800.000000 0.001411 0.999360 0.002027
 191000.000000 0.066589 0.999877 0.000398
 191200.000000 0.007954 0.970933 0.000320
 191400.000000 0.004791 0.994102 0.000481
 191600.000000 0.638448 0.990970 0.000150
 191800.000000 0.449883 0.966753 0.004509
 192000.000000 0.004818 0.876530 0.011215
 192200.000000 0.022325 0.986181 0.001154
 192400.000000 0.499202 0.999594 0.000419
 192600.000000 0.102655 0.961965 0.000683
 192800.000000 0.829689 0.999685 0.000121
 193000.000000 0.021167 0.843754 0.000713
 193200.000000 0.005533 0.969046 0.001027
 193400.000000 0.000887 0.064214 0.000045
 193600.000000 0.018456 0.624954 0.001956
 193800.000000 0.000472 0.777907 0.000325
 194000.000000 0.182697 0.985075 0.000294
 194200.000000 0.161298 0.861980 0.001103
 194400.000000 0.007261 0.082723 0.001275
 194600.000000 0.902974 0.584937 0.000402
 194800.000000 0.011565 0.911114 0.001627
 195000.000000 0.020205 0.999983 0.000387
 195200.000000 0.086362 0.968003 0.001992
 195400.000000 0.002310 0.991563 0.001325
 195600.000000 0.011813 0.999773 0.005005
 195800.000000 0.294494 0.998511 0.824584
 196000.000000 0.105699 0.827272 0.012262
 196200.000000 0.016482 0.996940 0.986733
 196400.000000 0.883163 0.926411 0.010047
 196600.000000 0.847675 0.999035 0.983161
 196800.000000 0.010181 0.992920 0.330296
 197000.000000 0.973763 0.999480 0.008945
 197200.000000 0.063257 0.730205 0.057360
 197400.000000 0.035467 0.999917 0.985103
 197600.000000 0.999584 0.983550 0.995439
 197800.000000 0.005390 0.996853 0.308657
 198000.000000 0.921359 0.990398 0.983328
 198200.000000 0.984828 0.887298 0.039135
 198400.000000 0.005927 0.019288 0.281836
 198600.000000 0.047242 0.121968 0.989975
 198800.000000 0.005644 0.044092 0.988441
 199000.000000 0.002698 0.690827 0.000221
 199200.000000 0.000571 0.699338 0.000136
 199400.000000 0.978404 0.999978 0.001057
 199600.000000 0.888202 0.918624 0.000426
 199800.000000 0.352694 0.991549 0.000768
 200000.000000 0.097760 0.997716 0.000444
#! FIELDS time mat-1.sum mat-2.sum mat-3.sum
 200000.000000 0.097760 0.997716 0.000444
 200200.000000 0.946091 0.996403 0.000678
 200400.000000 0.148002 0.991412 0.000689
 200600.000000 0.997598 0.930985 0.000908
 200800.000000 0.856801 0.999794 0.000549
 201000.000000 0.992758 0.999802 0.000394
 201200.000000 0.001364 0.763170 0.000239
 201400.000000 0.008383 0.995011 0.001077
 201600.000000 0.032115 0.985397 0.000658
 201800.000000 0.045462 0.999529 0.000466
 202000.000000 0.001848 0.999660 0.000117
 202200.000000 0.005231 0.999999 0.000673
 202400.000000 0.001485 0.999999 0.000566
 202600.000000 0.001935 0.570409 0.000306
 202800.000000 0.000555 0.982796 0.001646
 203000.000000 0.000239 0.999982 0.000445
 203200.000000 0.026822 0.999935 0.000724
 203400.000000 0.000715 0.999600 0.000258
 203600.000000 0.000721 0.968717 0.001054
 203800.000000 0.002723 0.993683 0.001562
 204000.000000 0.000587 0.999717 0.001148
 204200.000000 0.005264 0.642127 0.000467
 204400.000000 0.002153 0.996277 0.000543
 204600.000000 0.001519 0.997926 0.000441
 204800.000000 0.010869 0.999997 0.000580
 205000.000000 0.001257 0.980162 0.001150
 205200.000000 0.001415 0.851624 0.000127
 205400.000000 0.001363 0.999899 0.000560
 205600.000000 0.001649 0.884591 0.681139
 205800.000000 0.000610 0.983323 0.105788
 206000.000000 0.010353 0.401627 0.660037
 206200.000000 0.000814 0.817038 0.934086
 206400.000000 0.002474 0.999437 0.138150
 206600.000000 0.001529 0.994721 0.013589
 206800.000000 0.009666 0.997293 0.141680
 207000.000000 0.001476 0.991038 0.986621
 207200.000000 0.000437 0.961763 0.605804
 207400.000000 0.001849 0.999813 0.001313
 207600.000000 0.000255 0.993399 0.992328
 207800.000000 0.000650 0.985821 0.091495
 208000.000000 0.000263 0.993538 0.003713
 208200.000000 0.000619 0.998188 0.002271
 208400.000000 0.003509 0.999927 0.993909
 208600.000000 0.000454 0.986921 0.569255
 208800.000000 0.003564 0.998825 0.321057
 209000.000000 0.000248 0.999972 0.386113
 209200.000000 0.001056 0.946779 0.352714
 209400.000000 0.029949 0.885806 0.985389
 209600.000000 0.002168 0.999992 0.864254
 209800.000000 0.000095 0.995432 0.013072
 210000.000000 0.000539 0.999999 0.021253
 210200.000000 0.000789 0.999953 0.001320
 210400.000000 0.000361 0.832039 0.002214
 210600.000000 0.001202 0.999854 0.222984
 210800.000000 0.000857 0.999999 0.935692
 211000.000000 0.000658 0.937255 0.987350
 211200.000000 0.000262 0.217941 0.608957
 211400.000000 0.000212 0.988696 0.151753
 211600.000000 0.001825 0.999844 0.057165
 211800.000000 0.004697 0.999999 0.900767
 212000.000000 0.006530 0.935134 0.090948
 212200.000000 0.013493 0.997339 0.001953
 212400.000000 0.003020 0.976842 0.981581
 212600.000000 0.005567 0.838289 0.214886
 212800.000000 0.055408 0.999866 0.352176
 213000.000000 0.846908 0.995194 0.139874
 213200.000000 0.221442 0.994003 0.921802
 213400.000000 0.080510 0.831531 0.014528
 213600.000000 0.393799 0.995843 0.001640
 213800.000000 0.869599 0.922531 0.995663
 214000.000000 0.368749 0.984919 0.002239
 214200.000000 0.009436 0.999919 0.586434
 214400.000000 0.203268 0.997944 0.006401
 214600.000000 0.050201 0.999991 0.050973
 214800.000000 0.895749 0.999604 0.960813
 215000.000000 0.240661 0.999958 0.778285
 215200.000000 0.742931 0.232500 0.008751
 215400.000000 0.140848 0.905719 0.002566
 215600.000000 0.013787 0.893054 0.029184
 215800.000000 0.994610 0.998595 0.782583
 216000.000000 0.139397 0.999783 0.174183
 216200.000000 0.023899 0.955289 0.972033
 216400.000000 0.158338 0.954825 0.985103
 216600.000000 0.812129 0.999204 0.964623
 216800.000000 0.883601 0.925883 0.007258
 217000.000000 0.961474 0.995799 0.987214
 217200.000000 0.024894 0.999984 0.023773
 217400.000000 0.538839 0.997585 0.658315
 217600.000000 0.361605 0.443359 0.026048
 217800.000000 0.010905 0.875586 0.072301
 218000.000000 0.168572 0.982680 0.000598
 218200.000000 0.026640 0.998569 0.633510
 218400.000000 0.001306 0.999943 0.102605
 218600.000000 0.179433 0.999453 0.928878
 218800.000000 0.070315 0.996798 0.001003
 219000.000000 0.983839 0.978772 0.995024
 219200.000000 0.032580 0.998915 0.008198
 219400.000000 0.033795 0.999995 0.961079
 219600.000000 0.031146 0.066222 0.000523
 219800.000000 0.014633 0.219483 0.028667
 220000.000000 0.032541 0.737219 0.402933
 220200.000000 0.025727 0.011489 0.000771
 220400.000000 0.020910 0.526893 0.959594
 220600.000000 0.016716 0.413888 0.790730
 220800.000000 0.048427 0.078373 0.025166
 221000.000000 0.022458 0.280648 0.000813
 221200.000000 0.010509 0.611529 0.001635
 221400.000000 0.009106 0.023948 0.526191
 221600.000000 0.004294 0.000851 0.000252
 221800.000000 0.006164 0.001170 0.259347
 222000.000000 0.011308 0.001854 0.884830
 222200.000000 0.608455 0.186841 0.120748
 222400.000000 0.674290 0.988653 0.032774
 222600.000000 0.388154 0.007631 0.223140
 222800.000000 0.001614 0.262461 0.571804
 223000.000000 0.052426 0.016429 0.014349
 223200.000000 0.075830 0.643656 0.007466
 223400.000000 0.010308 0.251352 0.051473
 223600.000000 0.013847 0.383809 0.895588
 223800.000000 0.009281 0.336872 0.004332
 224000.000000 0.042410 0.793526 0.231214
 224200.000000 0.188572 0.744599 0.003717
 224400.000000 0.044497 0.021325 0.001568
 224600.000000 0.033949 0.663681 0.319524
 224800.000000 0.391765 0.742632 0.182442
 225000.000000 0.045387 0.846798 0.042641
 225200.000000 0.051917 0.359481 0.355867
 225400.000000 0.641063 0.249772 0.006707
 225600.000000 0.001667 0.393976 0.862155
 225800.000000 0.002340 0.778909 0.566268
 226000.000000 0.001695 0.088167 0.037147
 226200.000000 0.000509 0.914547 0.056200
 226400.000000 0.000963 0.069781 0.123842
 226600.000000 0.003171 0.324558 0.197117
 226800.000000 0.000755 0.054588 0.828415
 227000.000000 0.002042 0.189182 0.976865
 227200.000000 0.001340 0.075654 0.983822
 227400.000000 0.000108 0.544309 0.301143
 227600.000000 0.000189 0.988416 0.015075
 227800.000000 0.001371 0.360587 0.897260
 228000.000000 0.002496 0.999998 0.158498
 228200.000000 0.000458 0.994215 0.928013
 228400.000000 0.000967 0.377708 0.417073
 228600.000000 0.000712 0.988479 0.050262
 228800.000000 0.000699 0.998558 0.014180
 229000.000000 0.005304 0.998285 0.003294
 229200.000000 0.001620 0.973769 0.495177
 229400.000000 0.000687 0.823035 0.001067
 229600.000000 0.000169 0.876961 0.002185
 229800.000000 0.001007 0.549611 0.177889
 230000.000000 0.002068 0.985085 0.038802
 230200.000000 0.001058 0.407543 0.214612
 230400.000000 0.000482 0.999998 0.003316
 230600.000000 0.000530 0.269981 0.002538
 230800.000000 0.000319 0.097776 0.039251
 231000.000000 0.003584 0.268010 0.287277
 231200.000000 0.001399 0.288186 0.988796
 231400.000000 0.000410 0.240794 0.879831
 231600.000000 0.003377 0.999999 0.909412
 231800.000000 0.000754 0.875194 0.003188
 232000.000000 0.000428 0.950547 0.994206
 232200.000000 0.000242 0.884174 0.988948
 232400.000000 0.000977 0.620958 0.015246
 232600.000000 0.001066 0.997616 0.992841
 232800.000000 0.000718 0.999948 0.611538
 233000.000000 0.000096 0.975638 0.001149
 233200.000000 0.000168 0.614039 0.000571
 233400.000000 0.000358 0.932226 0.000565
 233600.000000 0.001320 0.999897 0.000591
 233800.000000 0.000646 0.880631 0.000311
 234000.000000 0.000335 0.506428 0.000791
 234200.000000 0.000330 0.915361 0.012301
 234400.000000 0.001538 0.930709 0.644229
 234600.000000 0.001005 0.548325 0.978196
 234800.000000 0.000396 0.987331 0.988809
 235000.000000 0.000143 0.732570 0.992035
 235200.000000 0.007368 0.841423 0.763852
 235400.000000 0.005402 0.195644 0.011252
 235600.000000 0.005228 0.999683 0.985543
 235800.000000 0.000925 0.026417 0.057741
 236000.000000 0.000227 0.028925 0.043698
 236200.000000 0.000620 0.003210 0.170812
 236400.000000 0.000107 0.019176 0.992346
 236600.000000 0.000147 0.050335 0.043529
 236800.000000 0.000479 0.412658 0.978496
 237000.000000 0.000312 0.003478 0.069436
 237200.000000 0.001613 0.983781 0.259420
 237400.000000 0.001288 0.586612 0.033845
 237600.000000 0.013114 0.702710 0.516926
 237800.000000 0.001272 0.086417 0.640089
 238000.000000 0.000699 0.805048 0.822836
 238200.000000 0.004644 0.066766 0.991692
 238400.000000 0.003511 0.049855 0.032561
 238600.000000 0.000211 0.433396 0.161258
 238800.000000 0.000292 0.988653 0.988223
 239000.000000 0.000676 0.910724 0.047825
 239200.000000 0.000739 0.948275 0.198876
 239400.000000 0.000482 0.737556 0.895132
 239600.000000 0.019097 0.152412 0.271399
 239800.000000 0.225936 0.544641 0.006364
 240000.000000 0.014624 0.984324 0.181243
 240200.000000 0.003837 0.999356 0.936191
 240400.000000 0.006785 0.882333 0.066732
 240600.000000 0.049197 0.459332 0.374758
 240800.000000 0.001037 0.999493 0.036474
 241000.000000 0.000694 0.478695 0.993361
 241200.000000 0.002121 0.276164 0.951163
 241400.000000 0.004141 0.999992 0.013899
 241600.000000 0.001757 0.269893 0.875097
 241800.000000 0.001559 0.989590 0.908251
 242000.000000 0.000233 0.994713 0.098703
 242200.000000 0.000304 0.005792 0.006929
 242400.000000 0.000602 0.023866 0.990590
 242600.000000 0.000353 0.154409 0.657882
 242800.000000 0.016820 0.978234 0.973579
 243000.000000 0.015104 0.949840 0.156259
 243200.000000 0.006688 0.999796 0.987572
 243400.000000 0.060992 0.999935 0.095231
 243600.000000 0.000529 0.071234 0.912571
 243800.000000 0.009310 0.671495 0.537596
 244000.000000 0.003400 0.899817 0.962183
 244200.000000 0.007254 0.992559 0.940978
 244400.000000 0.032478 0.889482 0.000917
 244600.000000 0.003531 0.977560 0.000325
 244800.000000 0.018432 0.245779 0.860568
 245000.000000 0.002410 0.999808 0.745679
 245200.000000 0.001284 0.781195 0.031040
 245400.000000 0.000290 0.999964 0.933953
 245600.000000 0.000121 0.999982 0.000592
 245800.000000 0.000155 0.908608 0.963203
 246000.000000 0.002679 0.782688 0.009374
 246200.000000 0.002910 0.883213 0.172713
 246400.000000 0.002198 0.165875 0.967134
 246600.000000 0.004655 0.960109 0.360667
 246800.000000 0.017643 0.973291 0.989814
 247000.000000 0.006403 0.997819 0.932399
 247200.000000 0.000282 0.032100 0.540712
 247400.000000 0.007594 0.994971 0.359987
 247600.000000 0.000487 0.436675 0.973686
 247800.000000 0.083925 0.674132 0.011513
 248000.000000 0.057170 0.642480 0.990402
 248200.000000 0.011011 0.992143 0.007422
 248400.000000 0.010807 0.509870 0.010289
 248600.000000 0.013884 0.682162 0.001068
 248800.000000 0.303638 0.166907 0.438469
 249000.000000 0.089327 0.762454 0.052553
 249200.000000 0.995756 0.976528 0.283650
 249400.000000 0.040399 0.029538 0.005123
 249600.000000 0.024737 0.014588 0.982108
 249800.000000 0.400297 0.604221 0.008670
 250000.000000 0.947202 0.999844 0.059269
 250200.000000 0.016968 0.970660 0.004508
 250400.000000 0.049540 0.999927 0.001740
 250600.000000 0.018845 0.994752 0.024165
 250800.000000 0.053745 0.952419 0.002357
 251000.000000 0.002080 0.788967 0.153396
 251200.000000 0.014327 0.983261 0.164526
 251400.000000 0.040523 0.963296 0.991565
 251600.000000 0.015028 0.056498 0.971374
 251800.000000 0.446386 0.942700 0.014288
 252000.000000 0.550267 0.957507 0.989034
 252200.000000 0.988095 0.950752 0.874594
 252400.000000 0.092100 0.014680 0.989106
 252600.000000 0.009416 0.036186 0.473129
 252800.000000 0.032979 0.025178 0.693894
 253000.000000 0.886101 0.013255 0.653772
 253200.000000 0.008525 0.249068 0.005420
 253400.000000 0.913531 0.053554 0.456248
 253600.000000 0.293605 0.598668 0.167511
 253800.000000 0.710876 0.995994 0.943994
 254000.000000 0.001315 0.999974 0.084777
 254200.000000 0.027225 0.236656 0.927263
 254400.000000 0.037865 0.987003 0.005144
 254600.000000 0.063240 0.025062 0.961849
 254800.000000 0.002479 0.124654 0.985767
 255000.000000 0.256463 0.021436 0.991424
 255200.000000 0.012503 0.039248 0.038570
 255400.000000 0.035738 0.032124 0.091786
 255600.000000 0.274400 0.944121 0.236873
 255800.000000 0.055168 0.079280 0.983558
 256000.000000 0.084175 0.901207 0.642142
 256200.000000 0.943137 0.486382 0.037992
 256400.000000 0.895915 0.977743 0.054524
 256600.000000 0.270176 0.999147 0.917691
 256800.000000 0.011064 0.969031 0.009244
 257000.000000 0.201247 0.362120 0.327532
 257200.000000 0.537166 0.048763 0.658435
 257400.000000 0.047048 0.859215 0.012449
 257600.000000 0.995392 0.174348 0.983548
 257800.000000 0.011575 0.743839 0.018163
 258000.000000 0.004905 0.125900 0.991083
 258200.000000 0.772617 0.013220 0.189426
 258400.000000 0.727606 0.049612 0.003830
 258600.000000 0.557896 0.994998 0.473757
 258800.000000 0.954992 0.104539 0.992008
 259000.000000 0.439274 0.389162 0.984569
 259200.000000 0.009096 0.149352 0.000161
 259400.000000 0.098453 0.065400 0.973120
 259600.000000 0.118166 0.933021 0.465035
 259800.000000 0.898482 0.782185 0.988787
 260000.000000 0.056809 0.080051 0.085792
 260200.000000 0.001885 0.030277 0.094501
 260400.000000 0.005650 0.998609 0.024048
 260600.000000 0.011900 0.999815 0.207227
 260800.000000 0.158868 0.999979 0.001526
 261000.000000 0.004908 0.995868 0.003959
 261200.000000 0.014642 0.562663 0.966991
 261400.000000 0.052989 0.999043 0.973063
 261600.000000 0.149002 0.973802 0.161013
 261800.000000 0.056252 0.999999 0.958627
 262000.000000 0.285767 0.952724 0.072527
 262200.000000 0.106861 0.783657 0.011494
 262400.000000 0.039526 0.040348 0.266192
 262600.000000 0.305645 0.922766 0.980282
 262800.000000 0.212410 0.049619 0.975240
 263000.000000 0.138220 0.016383 0.007790
 263200.000000 0.790058 0.187067 0.978003
 263400.000000 0.157189 0.139083 0.002110
 263600.000000 0.033425 0.990806 0.966308
 263800.000000 0.079571 0.007636 0.864558
 264000.000000 0.910453 0.167379 0.903954
 264200.000000 0.675757 0.005599 0.992119
 264400.000000 0.070308 0.011071 0.779252
 264600.000000 0.239856 0.005877 0.678433
 264800.000000 0.026199 0.008488 0.775635
 265000.000000 0.074369 0.274542 0.936356
 265200.000000 0.023243 0.996167 0.921151
 265400.000000 0.083220 0.454860 0.990447
 265600.000000 0.023387 0.176842 0.039480
 265800.000000 0.018296 0.031175 0.091796
 266000.000000 0.868699 0.723073 0.990753
 266200.000000 0.132055 0.964434 0.796471
 266400.000000 0.373473 0.310101 0.953983
 266600.000000 0.993582 0.021769 0.976480
 266800.000000 0.092150 0.109240 0.794049
 267000.000000 0.357187 0.048592 0.989910
 267200.000000 0.040078 0.113388 0.780561
 267400.000000 0.113997 0.067268 0.426279
 267600.000000 0.553100 0.905280 0.262835
 267800.000000 0.583016 0.017553 0.841876
 268000.000000 0.586843 0.031113 0.048531
 268200.000000 0.278330 0.499129 0.403412
 268400.000000 0.121599 0.225765 0.584153
 268600.000000 0.181341 0.940870 0.991640
 268800.000000 0.021132 0.047203 0.082616
 269000.000000 0.005515 0.155036 0.056134
 269200.000000 0.391391 0.073839 0.992934
 269400.000000 0.022897 0.990366 0.390473
 269600.000000 0.217474 0.577085 0.968523
 269800.000000 0.620611 0.319556 0.978701
 270000.000000 0.970247 0.508606 0.898057
 270200.000000 0.109631 0.011958 0.087485
 270400.000000 0.187550 0.980093 0.000645
 270600.000000 0.562564 0.419564 0.000103
 270800.000000 0.783136 0.380985 0.000235
 271000.000000 0.988952 0.004117 0.000239
 271200.000000 0.516180 0.992686 0.000363
 271400.000000 0.987489 0.122128 0.000230
 271600.000000 0.963543 0.066861 0.000255
 271800.000000 0.799886 0.967941 0.000581
 272000.000000 0.565660 0.996687 0.000320
 272200.000000 0.182458 0.935896 0.000581
 272400.000000 0.986033 0.371145 0.002365
 272600.000000 0.094475 0.963386 0.992457
 272800.000000 0.049079 0.117593 0.427146
 273000.000000 0.020563 0.027748 0.987510
 273200.000000 0.978853 0.734964 0.008400
 273400.000000 0.017210 0.076176 0.135299
 273600.000000 0.121245 0.092726 0.009279
 273800.000000 0.925579 0.952196 0.501445
 274000.000000 0.885084 0.264362 0.950898
 274200.000000 0.034048 0.995324 0.006125
 274400.000000 0.988447 0.128072 0.866768
 274600.000000 0.035355 0.032516 0.057214
 274800.000000 0.366649 0.785078 0.852478
 275000.000000 0.034012 0.968366 0.009945
 275200.000000 0.025927 0.354573 0.138013
 275400.000000 0.070958 0.015837 0.992638
 275600.000000 0.511472 0.499979 0.080356
 275800.000000 0.682190 0.090424 0.991242
 276000.000000 0.054567 0.066251 0.983740
 276200.000000 0.796816 0.064560 0.148357
 276400.000000 0.975904 0.865257 0.070980
 276600.000000 0.552272 0.330696 0.632165
 276800.000000 0.010039 0.017503 0.429891
 277000.000000 0.981109 0.008590 0.433693
 277200.000000 0.014810 0.321804 0.644037
 277400.000000 0.007623 0.103793 0.856809
 277600.000000 0.019873 0.461217 0.044373
 277800.000000 0.013398 0.153790 0.600846
 278000.000000 0.205074 0.133729 0.006850
 278200.000000 0.002880 0.108328 0.400708
 278400.000000 0.173034 0.999744 0.407108
 278600.000000 0.002058 0.024099 0.669288
 278800.000000 0.011418 0.713676 0.006612
 279000.000000 0.051519 0.813607 0.219854
 279200.000000 0.840302 0.376696 0.254124
 279400.000000 0.985956 0.999489 0.001180
 279600.000000 0.059765 0.415763 0.001560
 279800.000000 0.880807 0.988481 0.004537
 280000.000000 0.284493 0.767404 0.970170
 280200.000000 0.008943 0.983600 0.023676
 280400.000000 0.021949 0.999999 0.890159
 280600.000000 0.193032 0.738395 0.980988
 280800.000000 0.990773 0.998530 0.487213
 281000.000000 0.912643 0.886505 0.985846
 281200.000000 0.041799 0.943824 0.935959
 281400.000000 0.995744 0.040470 0.004669
 281600.000000 0.996304 0.991727 0.447349
 281800.000000 0.004337 0.783538 0.070644
 282000.000000 0.153781 0.603964 0.002241
 282200.000000 0.080722 0.646549 0.963116
 282400.000000 0.692639 0.999984 0.895827
 282600.000000 0.786541 0.008282 0.380814
 282800.000000 0.966529 0.223283 0.978731
 283000.000000 0.860785 0.673407 0.993053
 283200.000000 0.039008 0.406292 0.031593
 283400.000000 0.031129 0.744601 0.988812
 283600.000000 0.988179 0.035943 0.000695
 283800.000000 0.464382 0.910289 0.000068
 284000.000000 0.043952 0.195616 0.000763
 284200.000000 0.019104 0.999090 0.001416
 284400.000000 0.400472 0.062340 0.000563
 284600.000000 0.744423 0.471889 0.000408
 284800.000000 0.371033 0.917258 0.000371
 285000.000000 0.764616 0.041159 0.000299
 285200.000000 0.180628 0.806807 0.000173
 285400.000000 0.066689 0.005765 0.000713
 285600.000000 0.400747 0.398527 0.000138
 285800.000000 0.014240 0.149389 0.000214
 286000.000000 0.262789 0.979539 0.000569
 286200.000000 0.017673 0.020272 0.000262
 286400.000000 0.255339 0.139170 0.000381
 286600.000000 0.992414 0.978526 0.000413
 286800.000000 0.148489 0.980668 0.000120
 287000.000000 0.011955 0.279287 0.000450
 287200.000000 0.085968 0.082684 0.005180
 287400.000000 0.595009 0.005121 0.846565
 287600.000000 0.973056 0.241383 0.243516
 287800.000000 0.191627 0.036199 0.055208
 288000.000000 0.028773 0.533520 0.074701
 288200.000000 0.062294 0.055925 0.194944
 288400.000000 0.023742 0.075069 0.086252
 288600.000000 0.003787 0.999926 0.955604
 288800.000000 0.000484 0.729369 0.977543
 289000.000000 0.063547 0.847990 0.334127
 289200.000000 0.721496 0.998406 0.416403
 289400.000000 0.895609 0.984722 0.957343
 289600.000000 0.378592 0.003769 0.000812
 289800.000000 0.006392 0.072928 0.934706
 290000.000000 0.016201 0.999969 0.099203
 290200.000000 0.007315 0.019998 0.309253
 290400.000000 0.020491 0.999996 0.011176
 290600.000000 0.229483 0.109933 0.029535
 290800.000000 0.944370 0.940435 0.594838
 291000.000000 0.771674 0.045959 0.003993
 291200.000000 0.802549 0.000089 0.000100
 291400.000000 0.000455 0.092008 0.001034
 291600.000000 0.003495 0.024076 0.058173
 291800.000000 0.001463 0.083584 0.000303
 292000.000000 0.013417 0.001276 0.041203
 292200.000000 0.701239 0.000448 0.004430
 292400.000000 0.646850 0.006522 0.063798
 292600.000000 0.372770 0.001022 0.000774
 292800.000000 0.277264 0.001277 0.097696
 293000.000000 0.268917 0.000812 0.003095
 293200.000000 0.770804 0.000849 0.003457
 293400.000000 0.120179 0.003597 0.537394
 293600.000000 0.870266 0.000510 0.618095
 293800.000000 0.608927 0.002861 0.000691
 294000.000000 0.046950 0.000246 0.000184
 294200.000000 0.021622 0.000753 0.004969
 294400.000000 0.015346 0.000061 0.338669
 294600.000000 0.947310 0.006823 0.002581
 294800.000000 0.818496 0.000762 0.066582
 295000.000000 0.397464 0.002272 0.005272
 295200.000000 0.986660 0.010279 0.001613
 295400.000000 0.923433 0.007324 0.003858
 295600.000000 0.099927 0.013301 0.004057
 295800.000000 0.001143 0.004610 0.002572
 296000.000000 0.428574 0.000612 0.000067
 296200.000000 0.008348 0.002030 0.000803
 296400.000000 0.897665 0.015935 0.128890
 296600.000000 0.072010 0.000758 0.000173
 296800.000000 0.918288 0.002588 0.000404
 297000.000000 0.038376 0.001365 0.049822
 297200.000000 0.048861 0.003610 0.018264
 297400.000000 0.193634 0.005444 0.002654
 297600.000000 0.017503 0.000277 0.000109
 297800.000000 0.064494 0.000882 0.000628
 298000.000000 0.007576 0.002253 0.001299
 298200.000000 0.947898 0.001610 0.006700
 298400.000000 0.168515 0.001015 0.032357
 298600.000000 0.352561 0.000127 0.094251
 298800.000000 0.905293 0.000756 0.000217
 299000.000000 0.053431 0.003114 0.000089
 299200.000000 0.594895 0.000858 0.000141
 299400.000000 0.936130 0.212187 0.000583
 299600.000000 0.980360 0.011986 0.069653
 299800.000000 0.091661 0.004981 0.004944
 300000.000000 0.984004 0.003246 0.003003
